100
100
-1
1
0.02
-1
1
0.02
0
0.0396
0.0784
0.1164
0.1536
0.19
0.2256
0.2604
0.2944
0.3276
0.36
0.3916
0.4224
0.4524
0.4816
0.51
0.5376
0.5644
0.5904
0.6156
0.64
0.6636
0.6864
0.7084
0.7296
0.75
0.7696
0.7884
0.8064
0.8236
0.84
0.8556
0.8704
0.8844
0.8976
0.91
0.9216
0.9324
0.9424
0.9516
0.96
0.9676
0.9744
0.9804
0.9856
0.99
0.9936
0.9964
0.9984
0.9996
1
0.9996
0.9984
0.9964
0.9936
0.99
0.9856
0.9804
0.9744
0.9676
0.96
0.9516
0.9424
0.9324
0.9216
0.91
0.8976
0.8844
0.8704
0.8556
0.84
0.8236
0.8064
0.7884
0.7696
0.75
0.7296
0.7084
0.6864
0.6636
0.64
0.6156
0.5904
0.5644
0.5376
0.51
0.4816
0.4524
0.4224
0.3916
0.36
0.3276
0.2944
0.2604
0.2256
0.19
0.1536
0.1164
0.0784
0.0396
0
0.0396
0.0749571
0.110314
0.145355
0.17993
0.213958
0.247389
0.280189
0.312333
0.343803
0.374585
0.404668
0.434041
0.462697
0.49063
0.517833
0.544302
0.570032
0.595019
0.61926
0.642752
0.665492
0.687478
0.708707
0.729177
0.748886
0.767832
0.786014
0.80343
0.82008
0.83596
0.851071
0.865411
0.87898
0.891775
0.903797
0.915045
0.925517
0.935212
0.944132
0.952273
0.959637
0.966222
0.972029
0.977056
0.981302
0.984769
0.987455
0.98936
0.990484
0.990826
0.990386
0.989165
0.987161
0.984375
0.980806
0.976455
0.971321
0.965405
0.958705
0.951223
0.942959
0.933911
0.924081
0.913468
0.902073
0.889896
0.876936
0.863195
0.848671
0.833366
0.81728
0.800412
0.782764
0.764335
0.745126
0.725137
0.70437
0.682823
0.660498
0.637395
0.613515
0.588859
0.563427
0.537221
0.510241
0.482489
0.453965
0.424672
0.394611
0.363785
0.332195
0.299847
0.266742
0.232888
0.198291
0.162961
0.126915
0.0901762
0.0527923
0.0148623
0.0784
0.110314
0.142529
0.174744
0.206761
0.238454
0.269735
0.300545
0.330838
0.36058
0.389742
0.418304
0.446246
0.473553
0.500212
0.526212
0.551543
0.576196
0.600164
0.623439
0.646017
0.66789
0.689054
0.709505
0.729238
0.74825
0.766536
0.784094
0.800921
0.817014
0.83237
0.846987
0.860862
0.873994
0.886381
0.898021
0.908912
0.919052
0.92844
0.937076
0.944957
0.952082
0.95845
0.964061
0.968913
0.973005
0.976337
0.978908
0.980718
0.981765
0.982049
0.98157
0.980328
0.978321
0.97555
0.972014
0.967714
0.962648
0.956818
0.950222
0.942861
0.934735
0.925844
0.916188
0.905767
0.894581
0.882631
0.869917
0.856439
0.842198
0.827194
0.811427
0.794898
0.777609
0.759558
0.740748
0.721178
0.70085
0.679765
0.657924
0.635327
0.611976
0.587873
0.563019
0.537416
0.511066
0.483971
0.456134
0.427558
0.398247
0.368204
0.337435
0.305947
0.273746
0.240844
0.207254
0.172994
0.138091
0.102582
0.0665307
0.0300188
0.1164
0.145355
0.174744
0.204316
0.233887
0.263315
0.292494
0.321346
0.349809
0.377836
0.405388
0.432434
0.458948
0.484907
0.510292
0.535088
0.559278
0.582852
0.605796
0.628102
0.64976
0.670762
0.691101
0.710769
0.729761
0.74807
0.765692
0.782622
0.798855
0.814387
0.829214
0.843333
0.85674
0.869432
0.881407
0.892661
0.903192
0.912998
0.922076
0.930425
0.938043
0.944927
0.951077
0.95649
0.961166
0.965103
0.9683
0.970756
0.97247
0.973441
0.973667
0.97315
0.971887
0.969879
0.967124
0.963623
0.959375
0.95438
0.948638
0.942148
0.934912
0.926927
0.918196
0.908717
0.898492
0.88752
0.875802
0.863339
0.85013
0.836176
0.821479
0.806038
0.789855
0.77293
0.755265
0.73686
0.717717
0.697836
0.677221
0.65587
0.633788
0.610975
0.587434
0.563166
0.538175
0.512464
0.486035
0.458893
0.431043
0.402488
0.373237
0.343295
0.312672
0.281379
0.24943
0.216843
0.183641
0.149856
0.115532
0.0807139
0.0454691
0.1536
0.17993
0.206762
0.233888
0.261142
0.288396
0.315537
0.342477
0.369144
0.395481
0.421442
0.446987
0.472082
0.4967
0.520817
0.54441
0.567462
0.589956
0.611878
0.633213
0.65395
0.674079
0.693589
0.712473
0.73072
0.748325
0.765279
0.781578
0.797214
0.812182
0.826477
0.840095
0.853031
0.86528
0.87684
0.887706
0.897875
0.907344
0.916111
0.924172
0.931525
0.938167
0.944097
0.949312
0.953811
0.957592
0.960654
0.962994
0.964612
0.965507
0.965677
0.965121
0.963839
0.96183
0.959094
0.955629
0.951436
0.946514
0.940862
0.934482
0.927372
0.919533
0.910965
0.901668
0.891642
0.880888
0.869407
0.857198
0.844263
0.830603
0.816218
0.801109
0.785277
0.768723
0.75145
0.733457
0.714747
0.695321
0.675182
0.654331
0.63277
0.610502
0.58753
0.563857
0.539486
0.514421
0.488666
0.462227
0.435108
0.407317
0.378862
0.349751
0.319996
0.28961
0.25861
0.227016
0.194855
0.16216
0.12896
0.0952933
0.0612125
0.19
0.213959
0.238455
0.263317
0.288397
0.313575
0.338753
0.363838
0.388753
0.413435
0.43783
0.461893
0.485586
0.508876
0.531733
0.554132
0.576051
0.59747
0.61837
0.638737
0.658554
0.67781
0.696492
0.71459
0.732092
0.748991
0.765277
0.780942
0.795979
0.810382
0.824143
0.837258
0.849721
0.861526
0.872669
0.883146
0.892951
0.902082
0.910536
0.918307
0.925394
0.931794
0.937503
0.94252
0.946842
0.950466
0.953392
0.955617
0.95714
0.957959
0.958073
0.95748
0.956181
0.954173
0.951456
0.948029
0.943892
0.939045
0.933487
0.927219
0.920239
0.912548
0.904147
0.895035
0.885213
0.874681
0.863441
0.851492
0.838836
0.825474
0.811406
0.796634
0.781159
0.764983
0.748107
0.730533
0.712263
0.693298
0.673642
0.653297
0.632265
0.610549
0.588154
0.565082
0.541337
0.516925
0.491851
0.466119
0.439739
0.412716
0.38506
0.356783
0.327895
0.298413
0.268355
0.237743
0.206603
0.174955
0.142824
0.110241
0.0772482
0.2256
0.24739
0.269738
0.292497
0.31554
0.338755
0.362048
0.38534
0.408553
0.431619
0.454481
0.477089
0.499401
0.521379
0.54299
0.564206
0.585001
0.605351
0.625237
0.644639
0.66354
0.681926
0.699782
0.717095
0.733853
0.750045
0.765662
0.780694
0.795133
0.808969
0.822196
0.834808
0.846796
0.858156
0.868882
0.878968
0.888409
0.897202
0.905341
0.912823
0.919643
0.925799
0.931288
0.936106
0.940251
0.943719
0.94651
0.94862
0.950048
0.950792
0.950851
0.950223
0.948907
0.946901
0.944206
0.940819
0.936741
0.931972
0.92651
0.920355
0.913509
0.905969
0.897738
0.888815
0.8792
0.868895
0.8579
0.846216
0.833843
0.820784
0.807038
0.792609
0.777497
0.761703
0.745231
0.728081
0.710257
0.69176
0.672593
0.65276
0.632263
0.611106
0.589293
0.566829
0.543717
0.519964
0.495575
0.470557
0.444918
0.418666
0.391813
0.364368
0.336347
0.307764
0.27864
0.248996
0.218846
0.188204
0.157094
0.125541
0.093575
0.2604
0.280191
0.300549
0.32135
0.342482
0.363843
0.385343
0.406908
0.428473
0.449967
0.471332
0.492515
0.513471
0.534158
0.554541
0.574588
0.59427
0.613562
0.632441
0.650886
0.668876
0.686396
0.703429
0.719961
0.735977
0.751466
0.766415
0.780815
0.794655
0.807926
0.82062
0.832728
0.844243
0.855157
0.865465
0.875161
0.884238
0.892692
0.900517
0.907709
0.914263
0.920176
0.925444
0.930064
0.934031
0.937345
0.940001
0.941997
0.943331
0.944002
0.944007
0.943344
0.942013
0.940012
0.937339
0.933995
0.929978
0.925288
0.919925
0.913888
0.907177
0.899793
0.891735
0.883004
0.873601
0.863525
0.85278
0.841364
0.829279
0.816527
0.803109
0.789027
0.774282
0.758877
0.742814
0.726094
0.708721
0.690698
0.672027
0.652711
0.632756
0.612163
0.590939
0.569087
0.546614
0.523524
0.499826
0.475525
0.450631
0.425153
0.399102
0.37249
0.345332
0.317644
0.289445
0.260743
0.231549
0.201879
0.171748
0.141178
0.110191
0.2944
0.312336
0.330844
0.349816
0.369153
0.388761
0.408561
0.428477
0.448448
0.468418
0.488325
0.508117
0.527744
0.547164
0.566339
0.585234
0.603819
0.622065
0.639948
0.657444
0.674532
0.691192
0.707408
0.723163
0.738441
0.75323
0.767515
0.781285
0.794529
0.807236
0.819397
0.831003
0.842045
0.852515
0.862407
0.871712
0.880426
0.888541
0.896053
0.902956
0.909244
0.914915
0.919963
0.924385
0.928177
0.931335
0.933858
0.935741
0.936983
0.937581
0.937534
0.936838
0.935494
0.933498
0.930851
0.927552
0.923598
0.918991
0.913728
0.907811
0.901239
0.894013
0.886132
0.877596
0.868408
0.858567
0.848074
0.836931
0.825139
0.812699
0.799613
0.785883
0.771511
0.756499
0.740849
0.724565
0.707649
0.690104
0.671934
0.653142
0.633733
0.61371
0.59308
0.571846
0.550016
0.527594
0.50459
0.48101
0.456863
0.43216
0.406912
0.381131
0.354833
0.328034
0.300738
0.272953
0.244688
0.215955
0.186768
0.157142
0.127096
0.3276
0.343807
0.360588
0.377846
0.395494
0.413448
0.431633
0.449978
0.468425
0.486917
0.505409
0.523844
0.542173
0.560352
0.578342
0.596105
0.613609
0.630824
0.647723
0.664281
0.680476
0.696285
0.711691
0.726676
0.741222
0.755314
0.768939
0.782083
0.794734
0.80688
0.818511
0.829617
0.840188
0.850216
0.859693
0.86861
0.876961
0.884739
0.891939
0.898553
0.904578
0.910007
0.914837
0.919062
0.922679
0.925684
0.928074
0.929846
0.930997
0.931525
0.931426
0.9307
0.929344
0.927356
0.924737
0.921484
0.917596
0.913073
0.907915
0.90212
0.89569
0.888624
0.880923
0.872587
0.863617
0.854013
0.843778
0.832911
0.821415
0.809292
0.796542
0.783169
0.769174
0.75456
0.739329
0.723485
0.707031
0.68997
0.672306
0.654042
0.635185
0.615737
0.595705
0.575094
0.553911
0.532162
0.509855
0.486998
0.463601
0.439674
0.415228
0.390277
0.364836
0.338906
0.312493
0.285601
0.258239
0.230415
0.20214
0.173426
0.144285
0.36
0.374591
0.389753
0.405403
0.421461
0.43785
0.454502
0.471352
0.488341
0.505418
0.522535
0.539651
0.556714
0.573681
0.590509
0.607161
0.623603
0.639804
0.655734
0.671367
0.686679
0.701648
0.716253
0.730474
0.744295
0.757698
0.770668
0.78319
0.795252
0.806842
0.817946
0.828555
0.838658
0.848246
0.857309
0.865841
0.873831
0.881275
0.888164
0.894492
0.900254
0.905443
0.910055
0.914086
0.91753
0.920383
0.922643
0.924305
0.925367
0.925825
0.925677
0.924922
0.923557
0.921579
0.918989
0.915785
0.911965
0.90753
0.902478
0.896809
0.890524
0.883622
0.876104
0.86797
0.859222
0.849859
0.839884
0.829298
0.818103
0.806299
0.79389
0.780878
0.767265
0.753053
0.738246
0.722847
0.706859
0.690286
0.673133
0.655403
0.637101
0.618233
0.598804
0.57882
0.558287
0.537214
0.515607
0.493476
0.47083
0.44768
0.424037
0.399914
0.375313
0.350235
0.324685
0.298665
0.272182
0.245241
0.217852
0.190021
0.161758
0.3916
0.404675
0.418318
0.432455
0.447012
0.461922
0.47712
0.492546
0.508145
0.523866
0.539663
0.555496
0.571328
0.587111
0.602804
0.618368
0.633769
0.648972
0.663949
0.678672
0.693114
0.707253
0.721067
0.734535
0.747638
0.760358
0.772679
0.784587
0.796065
0.807102
0.817684
0.8278
0.837439
0.84659
0.855244
0.863391
0.871025
0.878135
0.884716
0.89076
0.896261
0.901213
0.90561
0.909448
0.91272
0.915424
0.917555
0.919109
0.920084
0.920475
0.920281
0.919498
0.918126
0.916161
0.913603
0.91045
0.906701
0.902355
0.897412
0.891872
0.885734
0.878999
0.871667
0.863739
0.855215
0.846098
0.836387
0.826085
0.815194
0.803715
0.79165
0.779003
0.765775
0.75197
0.737591
0.722641
0.707124
0.691045
0.674406
0.657214
0.639473
0.621188
0.602366
0.583012
0.563134
0.542739
0.521836
0.500433
0.478539
0.456166
0.433325
0.410017
0.386241
0.361998
0.337292
0.312124
0.286499
0.26042
0.233892
0.206921
0.179512
0.4224
0.43405
0.446264
0.458975
0.472116
0.485626
0.499444
0.513515
0.527786
0.542211
0.556743
0.571344
0.585977
0.600606
0.615191
0.629692
0.644072
0.658298
0.672339
0.686167
0.699754
0.713076
0.726109
0.738833
0.751228
0.763274
0.774954
0.786253
0.797154
0.807644
0.817709
0.827337
0.836515
0.845234
0.853482
0.86125
0.868528
0.87531
0.881585
0.887348
0.892591
0.897308
0.901492
0.905139
0.908243
0.910799
0.912803
0.914252
0.915141
0.915468
0.915229
0.914422
0.913044
0.911094
0.90857
0.905471
0.901795
0.897542
0.892711
0.887301
0.881314
0.874749
0.867606
0.859887
0.851591
0.842722
0.833279
0.823264
0.812681
0.801529
0.789813
0.777535
0.764697
0.751303
0.737355
0.722859
0.707817
0.692235
0.676116
0.659465
0.642288
0.624591
0.606379
0.58766
0.568439
0.548726
0.528528
0.507855
0.486715
0.46512
0.443069
0.420561
0.397595
0.374173
0.350294
0.325961
0.301174
0.275937
0.250251
0.224118
0.197542
0.4524
0.462709
0.473577
0.484942
0.496744
0.508928
0.521436
0.534218
0.547224
0.560409
0.57373
0.587149
0.600628
0.614135
0.627639
0.641101
0.654484
0.667753
0.680876
0.693825
0.706571
0.719089
0.731355
0.743347
0.755043
0.766424
0.777472
0.78817
0.798501
0.80845
0.818004
0.827149
0.835873
0.844163
0.85201
0.859402
0.86633
0.872785
0.878759
0.884244
0.889232
0.893716
0.897691
0.901149
0.904087
0.906498
0.908379
0.909724
0.910531
0.910795
0.910514
0.909684
0.908304
0.906372
0.903884
0.900841
0.897241
0.893083
0.888366
0.883091
0.877257
0.870864
0.863914
0.856406
0.848342
0.839724
0.830552
0.820828
0.810556
0.799736
0.788372
0.776466
0.764021
0.751042
0.73753
0.723491
0.708929
0.693847
0.678251
0.662146
0.645537
0.628431
0.610833
0.592751
0.574192
0.555163
0.535673
0.515731
0.495347
0.474518
0.453245
0.431524
0.409356
0.386739
0.363673
0.340157
0.316193
0.291779
0.266917
0.241606
0.215846
0.4816
0.490645
0.500242
0.510336
0.520873
0.531799
0.543065
0.554621
0.566421
0.578422
0.590583
0.602868
0.61524
0.627666
0.640118
0.652567
0.664975
0.677307
0.689533
0.70162
0.713542
0.725271
0.736782
0.748053
0.759062
0.769789
0.780214
0.790319
0.800088
0.809504
0.818554
0.827222
0.835496
0.843364
0.850814
0.857835
0.864417
0.870551
0.876226
0.881436
0.886173
0.890428
0.894196
0.89747
0.900244
0.902514
0.904273
0.905518
0.906245
0.906449
0.906128
0.905279
0.903899
0.901986
0.899538
0.896554
0.893032
0.888972
0.884372
0.879233
0.873555
0.867338
0.860583
0.85329
0.84546
0.837096
0.828198
0.818769
0.808811
0.798326
0.787317
0.775787
0.76374
0.751178
0.738106
0.724528
0.710448
0.695871
0.680802
0.665246
0.649209
0.632697
0.615717
0.598275
0.580379
0.562037
0.543257
0.524049
0.50441
0.484338
0.46383
0.442885
0.421502
0.399677
0.37741
0.354698
0.331541
0.307937
0.283883
0.259379
0.23442
0.51
0.517852
0.526249
0.535141
0.54448
0.554215
0.5643
0.57469
0.585341
0.596212
0.607265
0.618463
0.629772
0.641161
0.6526
0.664061
0.675518
0.686937
0.698284
0.709528
0.720642
0.731597
0.742368
0.752932
0.763265
0.773348
0.783159
0.792682
0.801897
0.810788
0.819341
0.827539
0.835371
0.842822
0.849881
0.856536
0.862777
0.868593
0.873975
0.878915
0.883403
0.887434
0.890998
0.894091
0.896705
0.898835
0.900477
0.901624
0.902274
0.902421
0.902063
0.901197
0.89982
0.897929
0.895524
0.892601
0.88916
0.8852
0.88072
0.875721
0.870201
0.864163
0.857605
0.850529
0.842937
0.83483
0.826209
0.817078
0.807437
0.79729
0.78664
0.775489
0.763842
0.751702
0.739073
0.725959
0.712365
0.698296
0.683757
0.668754
0.653292
0.637378
0.621018
0.60422
0.58699
0.569338
0.551271
0.532787
0.513883
0.494556
0.474804
0.454624
0.434013
0.412969
0.391488
0.369568
0.347205
0.324397
0.301139
0.277428
0.253259
0.5376
0.544324
0.551588
0.559344
0.567548
0.576153
0.585118
0.594399
0.603955
0.613748
0.623741
0.6339
0.644191
0.654583
0.665049
0.675559
0.68609
0.696616
0.707105
0.717525
0.727848
0.738045
0.74809
0.75796
0.767631
0.777082
0.786291
0.79524
0.803911
0.812286
0.820349
0.828086
0.835481
0.842523
0.849197
0.855491
0.861396
0.8669
0.871994
0.876667
0.880913
0.884722
0.888087
0.891002
0.89346
0.895454
0.896981
0.898034
0.898609
0.898703
0.898311
0.897431
0.896059
0.894194
0.891832
0.888974
0.885616
0.881759
0.877402
0.872545
0.867187
0.861329
0.854972
0.848117
0.840765
0.832918
0.824577
0.815745
0.806425
0.796619
0.786331
0.775563
0.764319
0.752604
0.74042
0.727774
0.71467
0.701112
0.687106
0.672659
0.657775
0.642462
0.626726
0.610574
0.594014
0.577053
0.55969
0.541921
0.523743
0.505152
0.486146
0.466721
0.446873
0.426598
0.405892
0.384752
0.363173
0.341149
0.318676
0.295748
0.272357
0.5644
0.570059
0.57625
0.582931
0.590059
0.597594
0.605494
0.61372
0.622234
0.631
0.639981
0.649146
0.658462
0.667899
0.677429
0.687027
0.696665
0.706322
0.715973
0.725589
0.735138
0.744594
0.753929
0.76312
0.772141
0.780971
0.78959
0.797976
0.806112
0.81398
0.821563
0.828846
0.835813
0.842451
0.848747
0.854688
0.860263
0.86546
0.87027
0.874683
0.878689
0.882282
0.885452
0.888193
0.890498
0.892361
0.893776
0.894738
0.895242
0.895285
0.894862
0.893971
0.892607
0.89077
0.888456
0.885664
0.882393
0.878642
0.87441
0.869697
0.864503
0.858829
0.852675
0.846043
0.838934
0.831349
0.823292
0.814763
0.805766
0.796304
0.78638
0.775997
0.76516
0.753872
0.742138
0.729963
0.717351
0.704307
0.690838
0.67695
0.662647
0.647938
0.632828
0.617325
0.601437
0.585161
0.568493
0.55143
0.533969
0.516106
0.497837
0.479157
0.460061
0.440546
0.420607
0.400237
0.379431
0.358182
0.336485
0.31433
0.291711
0.5904
0.595051
0.600228
0.60589
0.612001
0.618519
0.625409
0.632633
0.640155
0.647941
0.655956
0.664171
0.672554
0.681076
0.68971
0.698431
0.707212
0.716032
0.724867
0.733697
0.742492
0.751224
0.759865
0.76839
0.776776
0.784999
0.793039
0.800874
0.808486
0.815856
0.822968
0.829805
0.836352
0.842595
0.848519
0.854113
0.859364
0.86426
0.868792
0.872949
0.876722
0.880102
0.883082
0.885653
0.88781
0.889544
0.890852
0.891726
0.892163
0.892159
0.891708
0.890808
0.889456
0.88765
0.885386
0.882664
0.879482
0.875839
0.871735
0.867169
0.862142
0.856654
0.850706
0.844299
0.837435
0.830116
0.822344
0.814121
0.80545
0.796334
0.786778
0.776783
0.766355
0.755498
0.744216
0.732514
0.720397
0.707871
0.694941
0.681614
0.667896
0.653793
0.639313
0.624462
0.609238
0.593638
0.577658
0.561293
0.544541
0.527397
0.509856
0.491912
0.473562
0.454798
0.435615
0.416007
0.395966
0.375485
0.354556
0.333168
0.311313
0.6156
0.619298
0.623515
0.628213
0.633358
0.638914
0.644844
0.651115
0.657693
0.664546
0.671641
0.678949
0.68644
0.694086
0.701862
0.709741
0.7177
0.725716
0.733767
0.741831
0.74989
0.757915
0.765878
0.773753
0.781517
0.789147
0.79662
0.803915
0.811014
0.817897
0.824548
0.830948
0.837083
0.842938
0.848499
0.853753
0.858686
0.863288
0.867548
0.871455
0.874999
0.878173
0.880967
0.883373
0.885385
0.886996
0.888199
0.88899
0.889363
0.889314
0.888839
0.887935
0.886597
0.884824
0.882614
0.879964
0.876874
0.873342
0.869368
0.864952
0.860094
0.854794
0.849055
0.842876
0.83626
0.829208
0.821724
0.813809
0.805466
0.7967
0.787513
0.777909
0.767893
0.757469
0.746641
0.735416
0.723797
0.711791
0.699404
0.686641
0.67351
0.660016
0.646168
0.631962
0.617395
0.602463
0.587162
0.571489
0.555439
0.539005
0.522185
0.504971
0.487357
0.469337
0.450904
0.43205
0.412768
0.393047
0.372879
0.352254
0.331159
0.64
0.642797
0.646105
0.64989
0.654121
0.658762
0.663782
0.669149
0.674829
0.680793
0.687011
0.693453
0.700093
0.706902
0.713856
0.72093
0.728101
0.735345
0.742642
0.749971
0.757313
0.764648
0.771949
0.779191
0.786348
0.793397
0.800317
0.807085
0.813682
0.820089
0.826287
0.832261
0.837993
0.843469
0.848674
0.853594
0.858218
0.862532
0.866526
0.870189
0.87351
0.876482
0.879095
0.881341
0.883213
0.884704
0.885808
0.886519
0.886832
0.886743
0.886246
0.88534
0.88402
0.882284
0.880129
0.877555
0.874559
0.87114
0.867299
0.863035
0.858349
0.853241
0.847712
0.841763
0.835397
0.828616
0.821421
0.813817
0.805805
0.79739
0.788575
0.779365
0.769763
0.759774
0.749403
0.738656
0.727538
0.716055
0.704213
0.692017
0.679475
0.666594
0.653371
0.639802
0.625884
0.611614
0.596986
0.581997
0.566641
0.550912
0.534805
0.518313
0.501429
0.484147
0.466457
0.448352
0.429822
0.410857
0.391446
0.371578
0.351239
0.6636
0.665544
0.667992
0.670913
0.674277
0.678053
0.682209
0.686716
0.691543
0.696662
0.702044
0.707662
0.713488
0.719498
0.725667
0.73197
0.738386
0.744891
0.751466
0.758089
0.764742
0.771405
0.778062
0.784685
0.79125
0.797734
0.804113
0.810366
0.816473
0.822414
0.828172
0.833728
0.839067
0.844172
0.84903
0.853625
0.857946
0.861979
0.865714
0.869139
0.872244
0.875019
0.877456
0.879547
0.881284
0.88266
0.883668
0.884304
0.88456
0.884434
0.88392
0.883015
0.881715
0.880019
0.877923
0.875427
0.872528
0.869226
0.86552
0.861411
0.856898
0.851983
0.846667
0.840951
0.834837
0.828328
0.821426
0.814134
0.806455
0.798394
0.789953
0.781138
0.771952
0.762401
0.75249
0.742224
0.731609
0.720651
0.709356
0.69773
0.685781
0.673505
0.660899
0.647961
0.634686
0.62107
0.607109
0.592797
0.578128
0.563097
0.547698
0.531922
0.515763
0.499212
0.48226
0.464899
0.447117
0.428903
0.410246
0.391133
0.371549
0.6864
0.687537
0.689172
0.691275
0.693818
0.696773
0.70011
0.703801
0.707818
0.712133
0.71672
0.721552
0.726604
0.731851
0.73727
0.742837
0.74853
0.754328
0.760211
0.766158
0.77215
0.77817
0.784199
0.79022
0.796209
0.80214
0.807992
0.813743
0.819372
0.82486
0.830187
0.835336
0.840291
0.845035
0.849554
0.853833
0.857858
0.861618
0.8651
0.868294
0.871188
0.873773
0.87604
0.877981
0.879587
0.880853
0.88177
0.882334
0.882538
0.882378
0.88185
0.88095
0.879674
0.878021
0.875987
0.873571
0.870771
0.867588
0.86402
0.860067
0.855731
0.851012
0.84591
0.840429
0.834569
0.828334
0.821727
0.814749
0.807405
0.799699
0.791635
0.783217
0.77445
0.765339
0.75589
0.746107
0.735997
0.725566
0.714821
0.703767
0.692403
0.680725
0.668731
0.656417
0.643778
0.630811
0.617509
0.603868
0.589882
0.575543
0.560845
0.54578
0.53034
0.514516
0.498298
0.481676
0.464639
0.447174
0.429268
0.410908
0.392078
0.7084
0.708774
0.709639
0.710969
0.712735
0.714912
0.717472
0.72039
0.723637
0.727189
0.73102
0.735105
0.739419
0.74394
0.748643
0.753507
0.758511
0.763633
0.768853
0.774153
0.779513
0.784916
0.790343
0.795779
0.801206
0.806601
0.81194
0.817202
0.822365
0.827411
0.832319
0.837072
0.841652
0.846045
0.850233
0.854204
0.857942
0.861436
0.864673
0.867641
0.870331
0.872732
0.874835
0.876631
0.878112
0.879272
0.880103
0.880599
0.880755
0.880565
0.880027
0.879135
0.877886
0.876278
0.874309
0.871976
0.869279
0.866217
0.862789
0.858996
0.854838
0.850316
0.845431
0.840187
0.834583
0.828624
0.822313
0.815651
0.808645
0.801296
0.79361
0.785591
0.777244
0.768575
0.759589
0.750291
0.740689
0.730787
0.720593
0.710105
0.69932
0.688234
0.676845
0.665149
0.65314
0.640815
0.628167
0.615192
0.601882
0.58823
0.574229
0.55987
0.545145
0.530044
0.514556
0.498671
0.482375
0.465657
0.448502
0.430894
0.412819
0.7296
0.729254
0.729391
0.729988
0.731019
0.73246
0.734285
0.736469
0.738987
0.741814
0.744927
0.748301
0.751914
0.755742
0.759764
0.763958
0.768304
0.772781
0.777369
0.782051
0.786806
0.791619
0.796471
0.801346
0.806227
0.8111
0.815941
0.820727
0.825438
0.830053
0.834553
0.83892
0.843137
0.847188
0.851055
0.854726
0.858186
0.861421
0.86442
0.867171
0.869663
0.871886
0.87383
0.875487
0.876848
0.877907
0.878656
0.879089
0.8792
0.878986
0.87844
0.87756
0.876341
0.874782
0.87288
0.870634
0.868042
0.865103
0.861817
0.858185
0.854207
0.849885
0.84522
0.840213
0.834868
0.829186
0.823172
0.816829
0.810161
0.803171
0.795864
0.788246
0.780322
0.772096
0.763575
0.754764
0.745671
0.7363
0.726652
0.716722
0.706509
0.696009
0.685219
0.674134
0.66275
0.651062
0.639063
0.626747
0.614109
0.601139
0.587831
0.574174
0.560161
0.545779
0.531019
0.515868
0.500313
0.48434
0.467935
0.451082
0.433762
0.75
0.748973
0.748423
0.748328
0.748664
0.749408
0.750537
0.752026
0.753853
0.755993
0.758424
0.761124
0.76407
0.76724
0.770614
0.774171
0.777889
0.781751
0.785737
0.789828
0.794007
0.798256
0.802558
0.806898
0.811258
0.815623
0.81998
0.824304
0.828575
0.832772
0.836876
0.840869
0.844733
0.848451
0.852007
0.855387
0.858577
0.861562
0.86433
0.866871
0.869172
0.871223
0.873014
0.874538
0.875785
0.876748
0.877419
0.877794
0.877865
0.877629
0.87708
0.876215
0.87503
0.873523
0.871691
0.869533
0.867048
0.864235
0.861094
0.857625
0.85383
0.849709
0.845264
0.840497
0.835411
0.830009
0.824294
0.81827
0.811941
0.805312
0.798387
0.791171
0.783669
0.775888
0.767834
0.759512
0.750929
0.742084
0.732974
0.723597
0.71395
0.70403
0.693832
0.683353
0.672588
0.661531
0.650176
0.638516
0.626544
0.614252
0.601633
0.588675
0.57537
0.561705
0.547671
0.533253
0.518438
0.503211
0.487557
0.471459
0.454898
0.7696
0.76793
0.766731
0.765983
0.765662
0.765748
0.766218
0.76705
0.768222
0.769712
0.771497
0.773557
0.775871
0.778416
0.781174
0.784124
0.787247
0.790524
0.793935
0.797465
0.801094
0.804805
0.808584
0.812412
0.816274
0.820156
0.824043
0.827918
0.831763
0.835555
0.839275
0.842905
0.846426
0.849822
0.853077
0.856175
0.859103
0.861846
0.864392
0.866729
0.868846
0.870732
0.872378
0.873773
0.874911
0.875783
0.876383
0.876703
0.876739
0.876484
0.875936
0.875089
0.873941
0.872489
0.87073
0.868664
0.866288
0.863603
0.860609
0.857305
0.853694
0.849775
0.845552
0.841027
0.836202
0.831081
0.825666
0.819963
0.813975
0.807707
0.801164
0.794351
0.787274
0.779939
0.772353
0.764521
0.756442
0.748115
0.739537
0.730707
0.72162
0.712273
0.702663
0.692785
0.682633
0.672202
0.661485
0.650477
0.639168
0.627551
0.615616
0.603355
0.590755
0.577806
0.564496
0.55081
0.536736
0.522256
0.507355
0.492014
0.476216
0.7884
0.786124
0.784313
0.782948
0.782008
0.781472
0.78132
0.781531
0.782084
0.782958
0.784132
0.785586
0.7873
0.789253
0.791427
0.793801
0.796358
0.799078
0.801945
0.804939
0.808045
0.811246
0.814525
0.817867
0.821256
0.824677
0.828116
0.831557
0.834988
0.838388
0.841736
0.845014
0.848204
0.851288
0.854251
0.857078
0.859752
0.862262
0.864594
0.866735
0.868675
0.870403
0.871908
0.873182
0.874217
0.875003
0.875535
0.875806
0.87581
0.875542
0.874998
0.874173
0.873065
0.87167
0.869988
0.868015
0.865751
0.863196
0.86035
0.857214
0.853788
0.850074
0.846075
0.841792
0.837229
0.832389
0.827276
0.821894
0.816248
0.810342
0.804182
0.797773
0.791122
0.784234
0.777117
0.769768
0.762187
0.754372
0.746321
0.73803
0.729497
0.720719
0.711691
0.702407
0.692864
0.683055
0.672973
0.662611
0.651961
0.641015
0.629763
0.618195
0.6063
0.594065
0.581479
0.568526
0.555192
0.541461
0.527315
0.512736
0.497704
0.8064
0.803553
0.801166
0.79922
0.797695
0.796573
0.795835
0.795459
0.795427
0.795719
0.796316
0.797197
0.798343
0.799736
0.801356
0.803185
0.805205
0.807398
0.809746
0.812234
0.814843
0.817559
0.820364
0.823243
0.826182
0.829165
0.832178
0.835207
0.838238
0.841258
0.844247
0.847185
0.850054
0.852838
0.855519
0.858083
0.860514
0.862799
0.864924
0.866878
0.868648
0.870224
0.871596
0.872755
0.873691
0.874398
0.874867
0.875093
0.87507
0.874792
0.874256
0.873457
0.872391
0.871057
0.869453
0.867576
0.865427
0.863004
0.860308
0.85734
0.854101
0.850593
0.846818
0.842779
0.838479
0.833922
0.829111
0.824051
0.818747
0.813204
0.807428
0.801425
0.7952
0.78876
0.782104
0.775233
0.768143
0.760833
0.753302
0.745546
0.737562
0.729346
0.720894
0.7122
0.703261
0.694069
0.684617
0.674898
0.664904
0.654627
0.644055
0.633179
0.621986
0.610465
0.598602
0.586383
0.573792
0.560811
0.547424
0.533611
0.519351
0.8236
0.820216
0.817287
0.814793
0.812719
0.811045
0.809753
0.808825
0.808242
0.807985
0.808036
0.808376
0.808986
0.809849
0.810946
0.812259
0.813771
0.815465
0.817323
0.81933
0.821469
0.823724
0.82608
0.828521
0.831032
0.8336
0.83621
0.838848
0.8415
0.844153
0.846794
0.849404
0.851964
0.854458
0.856868
0.859179
0.861376
0.863445
0.865372
0.867145
0.868753
0.870185
0.87143
0.872479
0.873323
0.873955
0.874368
0.874554
0.874507
0.874224
0.873699
0.872929
0.871909
0.870639
0.869115
0.867337
0.865304
0.863015
0.860471
0.857673
0.854623
0.851321
0.847772
0.843977
0.839941
0.835666
0.831158
0.826421
0.82146
0.816281
0.810889
0.80529
0.799492
0.793493
0.787294
0.780892
0.774288
0.767478
0.76046
0.753233
0.745791
0.738132
0.730251
0.722143
0.713803
0.705223
0.696398
0.687319
0.677978
0.668366
0.658473
0.648287
0.637796
0.626989
0.61585
0.604366
0.592519
0.580292
0.567668
0.554625
0.541144
0.84
0.836112
0.832672
0.829665
0.827073
0.82488
0.823068
0.82162
0.820519
0.819745
0.819282
0.819112
0.819217
0.819579
0.820182
0.821008
0.822041
0.823263
0.824658
0.826211
0.827905
0.829725
0.831655
0.833682
0.835789
0.837964
0.840192
0.84246
0.844753
0.84706
0.849366
0.85166
0.853923
0.856138
0.858287
0.860355
0.862327
0.864188
0.865926
0.867527
0.868981
0.870275
0.8714
0.872345
0.873104
0.873666
0.874026
0.874177
0.874112
0.873827
0.873317
0.872579
0.871609
0.870404
0.868964
0.867287
0.865371
0.863218
0.860828
0.858201
0.85534
0.852246
0.848923
0.845374
0.841601
0.83761
0.833405
0.828991
0.824373
0.819557
0.814549
0.809356
0.803977
0.798414
0.792663
0.786726
0.7806
0.774284
0.767774
0.761069
0.754165
0.747057
0.739742
0.732215
0.724469
0.716499
0.708296
0.699854
0.691163
0.682214
0.672997
0.663501
0.653712
0.643618
0.633205
0.622457
0.611358
0.599889
0.588032
0.575766
0.563069
0.8556
0.851239
0.847321
0.843832
0.840755
0.838075
0.835774
0.833838
0.832249
0.830989
0.830043
0.829393
0.829023
0.828915
0.829053
0.82942
0.83
0.830778
0.831736
0.83286
0.834135
0.835544
0.837073
0.838709
0.840435
0.842239
0.844107
0.846025
0.84798
0.84996
0.851951
0.853941
0.855918
0.857865
0.859763
0.861599
0.863355
0.865019
0.866575
0.868013
0.869319
0.870483
0.871494
0.872343
0.873021
0.87352
0.873833
0.873953
0.873874
0.873591
0.8731
0.872397
0.871479
0.870344
0.868989
0.867414
0.865619
0.863603
0.861367
0.858913
0.856242
0.853356
0.85026
0.846956
0.843448
0.83974
0.835838
0.831746
0.827471
0.823018
0.818395
0.8136
0.808635
0.803499
0.798192
0.792713
0.787059
0.78123
0.775222
0.769034
0.762661
0.7561
0.749346
0.742395
0.735239
0.727874
0.72029
0.712482
0.704439
0.696151
0.68761
0.678801
0.669715
0.660336
0.650649
0.64064
0.630292
0.619585
0.6085
0.597016
0.585112
0.8704
0.865597
0.861232
0.857291
0.853759
0.850622
0.847865
0.845471
0.843424
0.841709
0.84031
0.839209
0.838392
0.837843
0.837544
0.83748
0.837636
0.837995
0.838543
0.839264
0.840143
0.841166
0.842318
0.843585
0.844953
0.846408
0.847937
0.849526
0.851163
0.852836
0.85453
0.856235
0.857938
0.859628
0.861287
0.8629
0.86445
0.865925
0.867309
0.868591
0.869758
0.870799
0.871704
0.872462
0.873066
0.873507
0.873777
0.873871
0.873782
0.873505
0.873037
0.872372
0.871509
0.870445
0.869179
0.867709
0.866035
0.864157
0.862077
0.859796
0.857316
0.854639
0.85177
0.848711
0.845467
0.842043
0.838443
0.834674
0.830741
0.826651
0.822405
0.818002
0.813444
0.80873
0.803859
0.798831
0.793643
0.788295
0.782784
0.777106
0.77126
0.76524
0.759042
0.752662
0.746093
0.739328
0.732361
0.725183
0.717785
0.710158
0.70229
0.69417
0.685785
0.677122
0.668164
0.658897
0.649303
0.639362
0.629056
0.618362
0.607257
0.8844
0.879184
0.874401
0.870038
0.866082
0.862519
0.859334
0.856511
0.854037
0.851896
0.850073
0.848551
0.847316
0.846352
0.845644
0.845177
0.844934
0.844902
0.845064
0.845407
0.845916
0.846577
0.847375
0.848296
0.849327
0.850455
0.851666
0.852947
0.854286
0.85567
0.857087
0.858525
0.859971
0.861416
0.862846
0.864247
0.865602
0.866896
0.868117
0.869252
0.870287
0.871213
0.872017
0.872692
0.873227
0.873615
0.873849
0.873921
0.873827
0.87356
0.873118
0.872495
0.87169
0.870699
0.869523
0.868159
0.866608
0.86487
0.862947
0.860839
0.85855
0.856083
0.85344
0.850627
0.847646
0.844505
0.841207
0.837759
0.834168
0.830434
0.826558
0.822541
0.818383
0.814084
0.809643
0.805059
0.800332
0.795458
0.790437
0.785265
0.779939
0.774455
0.768809
0.762995
0.757008
0.750841
0.744486
0.737936
0.731182
0.724213
0.717018
0.709586
0.701904
0.693957
0.685731
0.677209
0.668373
0.659204
0.649682
0.639785
0.62949
0.8976
0.891999
0.886827
0.882072
0.87772
0.87376
0.870176
0.866955
0.864082
0.861543
0.859324
0.857409
0.855784
0.854434
0.853343
0.852498
0.851884
0.851485
0.851288
0.851277
0.85144
0.851762
0.852228
0.852827
0.853543
0.854365
0.855279
0.856272
0.857332
0.858447
0.859605
0.860794
0.862002
0.863218
0.86443
0.865629
0.866798
0.867923
0.868989
0.869984
0.870896
0.871713
0.872425
0.873022
0.873495
0.873837
0.874038
0.874094
0.873998
0.873746
0.873332
0.872754
0.872009
0.871095
0.87001
0.868754
0.867327
0.86573
0.863964
0.862031
0.859933
0.857675
0.855259
0.85269
0.849972
0.847113
0.844116
0.840989
0.837732
0.834348
0.830836
0.827197
0.823433
0.819542
0.815524
0.811378
0.807104
0.8027
0.798162
0.79349
0.788679
0.783726
0.778626
0.773374
0.767965
0.762391
0.756646
0.750722
0.744608
0.738296
0.731774
0.72503
0.718051
0.710823
0.703331
0.695557
0.687484
0.679092
0.670361
0.661269
0.651791
0.91
0.904042
0.898509
0.893389
0.88867
0.884341
0.880386
0.876794
0.873551
0.870643
0.868056
0.865775
0.863787
0.862077
0.860631
0.859434
0.858473
0.857734
0.857201
0.856862
0.856702
0.856708
0.856866
0.857163
0.857587
0.858124
0.858761
0.859486
0.860287
0.861152
0.862069
0.863027
0.864013
0.865017
0.866028
0.867036
0.868029
0.868993
0.869914
0.870779
0.871575
0.872292
0.872918
0.873444
0.87386
0.87416
0.874335
0.874379
0.874286
0.874051
0.87367
0.87314
0.872458
0.871621
0.87063
0.869484
0.868182
0.866726
0.865118
0.863359
0.861452
0.859402
0.857212
0.854887
0.852432
0.849852
0.847155
0.844342
0.841413
0.838371
0.835217
0.83195
0.828572
0.825082
0.821481
0.817767
0.81394
0.809998
0.805938
0.801759
0.797458
0.79303
0.788472
0.783777
0.778942
0.773958
0.76882
0.763518
0.758043
0.752387
0.746536
0.740481
0.734206
0.727699
0.720942
0.713921
0.706616
0.699007
0.691074
0.682795
0.674145
0.9216
0.915312
0.909445
0.903988
0.898929
0.894258
0.889961
0.886026
0.882439
0.879189
0.87626
0.873641
0.871316
0.869273
0.867497
0.865975
0.864693
0.863637
0.862793
0.862149
0.861689
0.861403
0.861275
0.861293
0.861445
0.861718
0.862099
0.862576
0.863137
0.863771
0.864465
0.865209
0.865991
0.8668
0.867625
0.868457
0.869284
0.870097
0.870882
0.871625
0.872314
0.872937
0.873484
0.873946
0.874313
0.874576
0.874729
0.874766
0.87468
0.874466
0.874121
0.873641
0.873024
0.872269
0.871373
0.870337
0.869161
0.867847
0.866396
0.864811
0.863095
0.861253
0.859288
0.857205
0.85501
0.85271
0.850306
0.847799
0.845192
0.842486
0.839682
0.83678
0.833781
0.830686
0.827494
0.824205
0.820818
0.817332
0.813744
0.810053
0.806255
0.802347
0.798325
0.794184
0.789918
0.785521
0.780985
0.776303
0.771466
0.766463
0.761284
0.755917
0.750348
0.744563
0.738546
0.73228
0.725748
0.718929
0.711801
0.704343
0.69653
0.9324
0.925808
0.919633
0.913865
0.908494
0.903508
0.898895
0.894643
0.890741
0.887175
0.883932
0.881
0.878365
0.876014
0.873934
0.872111
0.870533
0.869185
0.868054
0.867128
0.866392
0.865835
0.865444
0.865205
0.865106
0.865135
0.86528
0.865528
0.865869
0.866289
0.866779
0.867326
0.867921
0.868551
0.869207
0.869878
0.870554
0.871226
0.871883
0.872513
0.873102
0.87364
0.874116
0.87452
0.874842
0.875075
0.875212
0.875245
0.87517
0.874982
0.874676
0.874249
0.8737
0.873026
0.872226
0.871302
0.870253
0.86908
0.867787
0.866376
0.86485
0.863214
0.861472
0.859631
0.857695
0.855667
0.853549
0.851343
0.84905
0.846673
0.844211
0.841667
0.839041
0.836333
0.833544
0.830673
0.82772
0.824682
0.82156
0.81835
0.81505
0.811656
0.808165
0.804572
0.800871
0.797056
0.793121
0.789056
0.784854
0.780504
0.775996
0.771317
0.766455
0.761394
0.75612
0.750614
0.74486
0.738836
0.732522
0.725894
0.718928
0.9424
0.935529
0.929073
0.92302
0.917362
0.912088
0.907185
0.902643
0.898451
0.894595
0.891064
0.887845
0.884926
0.882293
0.879933
0.877835
0.875984
0.874368
0.872974
0.871789
0.8708
0.869995
0.869362
0.868886
0.868558
0.868364
0.868292
0.868331
0.868469
0.868695
0.868998
0.869366
0.86979
0.870257
0.870759
0.871285
0.871824
0.872369
0.872908
0.873433
0.873932
0.874392
0.874803
0.875155
0.87544
0.875648
0.875773
0.875808
0.875748
0.875588
0.875324
0.874953
0.874473
0.873882
0.873181
0.872368
0.871446
0.870416
0.86928
0.868041
0.866704
0.865273
0.863753
0.86215
0.860467
0.858705
0.856867
0.854954
0.852969
0.850912
0.848787
0.846593
0.844332
0.842004
0.83961
0.83715
0.834623
0.832028
0.829365
0.82663
0.823821
0.820936
0.817971
0.814921
0.81178
0.808544
0.805205
0.801755
0.798186
0.794488
0.79065
0.78666
0.782505
0.778171
0.773642
0.768901
0.763929
0.758708
0.753214
0.747426
0.741318
0.9516
0.944476
0.937763
0.931451
0.925532
0.919994
0.914828
0.910022
0.905565
0.901445
0.897651
0.894171
0.890992
0.888101
0.885487
0.883137
0.881038
0.879178
0.877544
0.876123
0.874903
0.873872
0.873018
0.872328
0.87179
0.871393
0.871125
0.870973
0.870928
0.870977
0.871111
0.871317
0.871585
0.871906
0.872269
0.872664
0.873082
0.873512
0.873947
0.874376
0.874792
0.875182
0.875536
0.875843
0.876096
0.876285
0.876403
0.876444
0.876403
0.876275
0.876056
0.875743
0.875334
0.874828
0.874226
0.873526
0.87273
0.871841
0.870862
0.869795
0.868645
0.867417
0.866117
0.864747
0.863309
0.861806
0.860241
0.858614
0.856929
0.855187
0.853389
0.851539
0.849635
0.84768
0.845674
0.843617
0.841509
0.83935
0.837138
0.834871
0.832548
0.830166
0.82772
0.825208
0.822624
0.819962
0.817216
0.814377
0.811439
0.808391
0.805222
0.801921
0.798475
0.794869
0.791089
0.787117
0.782934
0.778521
0.773856
0.768916
0.763677
0.96
0.952647
0.945701
0.939156
0.933
0.927224
0.921819
0.916774
0.912078
0.90772
0.903688
0.899971
0.896557
0.893434
0.890589
0.888012
0.885688
0.883607
0.881755
0.880121
0.878693
0.877458
0.876404
0.87552
0.874793
0.874213
0.873767
0.873444
0.873234
0.873124
0.873105
0.873166
0.873297
0.873486
0.873726
0.874005
0.874314
0.874645
0.874987
0.875334
0.875675
0.876002
0.876306
0.876575
0.876802
0.876977
0.877094
0.877145
0.877127
0.877034
0.876862
0.876609
0.876274
0.875854
0.87535
0.874763
0.874094
0.873346
0.872522
0.871625
0.870661
0.869634
0.868547
0.867403
0.866205
0.864954
0.863654
0.862306
0.860913
0.859478
0.858001
0.856485
0.854932
0.853342
0.851716
0.850055
0.848358
0.846627
0.844859
0.843054
0.84121
0.839324
0.837393
0.835413
0.833379
0.831287
0.82913
0.8269
0.82459
0.82219
0.81969
0.817078
0.814341
0.811466
0.808438
0.805238
0.801849
0.798252
0.794424
0.790342
0.785982
0.9676
0.960041
0.952888
0.946132
0.939765
0.933776
0.928158
0.922898
0.917988
0.913416
0.909171
0.905241
0.901617
0.898285
0.895234
0.892452
0.889927
0.887648
0.885602
0.883777
0.882161
0.880744
0.879511
0.878454
0.877558
0.876814
0.87621
0.875734
0.875377
0.875126
0.874972
0.874904
0.874913
0.874987
0.875118
0.875295
0.87551
0.875754
0.876017
0.876292
0.87657
0.876844
0.877104
0.877342
0.877549
0.877716
0.877836
0.877902
0.87791
0.877855
0.877734
0.877543
0.877282
0.876949
0.876545
0.876071
0.875528
0.874919
0.874249
0.87352
0.872738
0.871907
0.871027
0.870103
0.869137
0.868131
0.867089
0.866013
0.864905
0.863768
0.862604
0.861415
0.860203
0.85897
0.857716
0.856443
0.855151
0.853839
0.852509
0.851158
0.849785
0.848389
0.846966
0.845512
0.844025
0.842498
0.840925
0.839301
0.837616
0.835862
0.834029
0.832106
0.83008
0.827938
0.825663
0.82324
0.820651
0.817875
0.814892
0.811678
0.808207
0.9744
0.96666
0.959322
0.95238
0.945825
0.939648
0.93384
0.92839
0.92329
0.918528
0.914094
0.909977
0.906165
0.902648
0.899414
0.896452
0.893749
0.891294
0.889076
0.887082
0.885301
0.883722
0.882332
0.881121
0.880077
0.879188
0.878445
0.877835
0.877348
0.876974
0.876702
0.876522
0.876424
0.876398
0.876434
0.876525
0.876659
0.876829
0.877026
0.877242
0.877468
0.877698
0.877923
0.878136
0.878329
0.878492
0.87862
0.878706
0.878744
0.87873
0.878661
0.878535
0.878349
0.878104
0.8778
0.877438
0.87702
0.876549
0.876031
0.875468
0.874863
0.874221
0.873542
0.872831
0.87209
0.871322
0.870531
0.869718
0.868887
0.86804
0.867181
0.866311
0.865432
0.864547
0.863657
0.862763
0.861867
0.860968
0.860066
0.859162
0.858254
0.85734
0.856418
0.855485
0.854538
0.853571
0.852579
0.851555
0.850493
0.849383
0.848216
0.846981
0.845666
0.844258
0.842741
0.841099
0.839314
0.837366
0.835235
0.832898
0.830329
0.9804
0.972501
0.965003
0.957898
0.951179
0.944837
0.938863
0.933248
0.927981
0.923054
0.918455
0.914173
0.910199
0.90652
0.903127
0.900006
0.897148
0.89454
0.892172
0.890031
0.888106
0.886386
0.884859
0.883515
0.882341
0.881328
0.880464
0.879738
0.87914
0.878659
0.878286
0.87801
0.877821
0.87771
0.877667
0.877684
0.877751
0.87786
0.878003
0.878171
0.878357
0.878553
0.878752
0.878948
0.879133
0.879299
0.87944
0.879548
0.87962
0.87965
0.879636
0.879575
0.879466
0.879309
0.879104
0.878854
0.87856
0.878226
0.877856
0.877454
0.877021
0.876561
0.876077
0.875572
0.875049
0.874512
0.873962
0.873405
0.872843
0.872278
0.871715
0.871155
0.870601
0.870055
0.86952
0.868997
0.868487
0.867992
0.867511
0.867045
0.866594
0.866155
0.865728
0.865309
0.864895
0.864483
0.864066
0.86364
0.863196
0.862728
0.862225
0.861678
0.861074
0.860401
0.859643
0.858786
0.85781
0.856698
0.855427
0.853976
0.852319
0.9856
0.977565
0.969929
0.962685
0.955825
0.949342
0.943226
0.937468
0.93206
0.92699
0.922249
0.917827
0.913713
0.909897
0.906366
0.903111
0.900119
0.897381
0.894884
0.892617
0.89057
0.88873
0.887086
0.885629
0.884346
0.883227
0.88226
0.881437
0.880745
0.880175
0.879717
0.87936
0.879096
0.878915
0.878808
0.878765
0.878778
0.878839
0.878939
0.879071
0.879228
0.879401
0.879584
0.87977
0.879953
0.880127
0.880286
0.880422
0.88053
0.880608
0.88065
0.880656
0.880625
0.880556
0.88045
0.88031
0.880138
0.879938
0.879713
0.879465
0.879198
0.878915
0.878618
0.878312
0.877999
0.877684
0.877369
0.877059
0.876757
0.876465
0.876189
0.875929
0.875691
0.875476
0.875286
0.875125
0.874993
0.874892
0.874824
0.874788
0.874785
0.874814
0.874873
0.874961
0.875074
0.87521
0.875364
0.87553
0.875701
0.875871
0.876031
0.87617
0.876277
0.87634
0.876344
0.876274
0.876113
0.875842
0.875439
0.874883
0.874149
0.99
0.981851
0.9741
0.96674
0.959763
0.953161
0.946926
0.94105
0.935522
0.930334
0.925475
0.920936
0.916705
0.912773
0.909129
0.905761
0.902659
0.899811
0.897208
0.894837
0.892687
0.890748
0.889008
0.887457
0.886084
0.884878
0.883828
0.882924
0.882156
0.881514
0.880987
0.880567
0.880243
0.880006
0.879848
0.879759
0.879732
0.879757
0.879827
0.879934
0.880071
0.880231
0.880407
0.880593
0.880782
0.88097
0.881151
0.881318
0.881467
0.881594
0.881695
0.881769
0.881815
0.881834
0.881827
0.881795
0.881743
0.881673
0.881587
0.881489
0.881381
0.881268
0.881152
0.881037
0.880927
0.880825
0.880737
0.880665
0.880613
0.880586
0.880587
0.880619
0.880686
0.880792
0.880938
0.881129
0.881365
0.88165
0.881984
0.882369
0.882806
0.883293
0.883831
0.884418
0.885052
0.88573
0.886448
0.887201
0.887983
0.888788
0.889607
0.89043
0.891248
0.892047
0.892815
0.893536
0.894194
0.894769
0.895242
0.89559
0.895789
0.9936
0.98536
0.977516
0.970061
0.96299
0.956293
0.949963
0.943991
0.938367
0.933084
0.92813
0.923496
0.919172
0.915147
0.911411
0.907953
0.904762
0.901828
0.899139
0.896685
0.894454
0.892436
0.890621
0.888996
0.887551
0.886277
0.885161
0.884195
0.883368
0.88267
0.882092
0.881623
0.881254
0.880977
0.880782
0.880661
0.880605
0.880607
0.880658
0.880751
0.88088
0.881036
0.881214
0.881408
0.881612
0.88182
0.882027
0.88223
0.882422
0.882601
0.882763
0.882906
0.883031
0.883137
0.883226
0.883301
0.883365
0.88342
0.883468
0.883513
0.883559
0.883608
0.883665
0.883733
0.883818
0.883922
0.884051
0.884208
0.884398
0.884625
0.884893
0.885207
0.88557
0.885986
0.886458
0.88699
0.887585
0.888245
0.888972
0.889769
0.890635
0.891573
0.892581
0.893659
0.894805
0.896018
0.897293
0.898628
0.900016
0.901451
0.902926
0.904432
0.905958
0.907495
0.909027
0.910542
0.912022
0.913449
0.914804
0.916065
0.917208
0.9964
0.98809
0.980175
0.97265
0.965506
0.958737
0.952334
0.946289
0.940593
0.935237
0.930211
0.925506
0.921111
0.917016
0.91321
0.909684
0.906427
0.903427
0.900675
0.898158
0.895867
0.893791
0.891919
0.890239
0.888743
0.887419
0.886256
0.885246
0.884377
0.88364
0.883025
0.882523
0.882125
0.881821
0.881603
0.881463
0.881392
0.881382
0.881426
0.881517
0.881647
0.881809
0.881999
0.882209
0.882434
0.882669
0.882909
0.883151
0.88339
0.883623
0.883846
0.88406
0.884262
0.884454
0.884639
0.884818
0.884993
0.885168
0.885344
0.885527
0.885718
0.885923
0.886146
0.88639
0.88666
0.886961
0.887298
0.887674
0.888096
0.888567
0.889093
0.889677
0.890325
0.891041
0.891829
0.892692
0.893634
0.894659
0.895769
0.896966
0.898253
0.89963
0.901099
0.902659
0.90431
0.906049
0.907875
0.909785
0.911772
0.913833
0.91596
0.918146
0.92038
0.922652
0.924951
0.92726
0.929567
0.931851
0.934095
0.936277
0.938374
0.9984
0.990042
0.982079
0.974504
0.967311
0.960492
0.954039
0.947944
0.942198
0.936793
0.931717
0.926963
0.922519
0.918377
0.914525
0.910953
0.90765
0.904607
0.901812
0.899254
0.896923
0.894808
0.892899
0.891185
0.889655
0.8883
0.887108
0.886071
0.885177
0.884418
0.883783
0.883264
0.882851
0.882535
0.882308
0.882162
0.882088
0.882079
0.882127
0.882225
0.882366
0.882544
0.882753
0.882987
0.883241
0.88351
0.883789
0.884074
0.884363
0.884652
0.884939
0.885223
0.885503
0.88578
0.886057
0.886335
0.886618
0.886907
0.887206
0.887519
0.88785
0.888203
0.888583
0.888994
0.889442
0.88993
0.890465
0.891051
0.891694
0.892399
0.893171
0.894016
0.894937
0.895942
0.897033
0.898216
0.899494
0.900872
0.902354
0.903941
0.905637
0.907444
0.909364
0.911396
0.913542
0.9158
0.918168
0.920645
0.923226
0.925907
0.928682
0.931543
0.934483
0.93749
0.940554
0.94366
0.946795
0.949942
0.953081
0.956192
0.959252
0.9996
0.991216
0.983226
0.975624
0.968404
0.961558
0.955078
0.948955
0.943182
0.937749
0.932647
0.927866
0.923397
0.919229
0.915352
0.911756
0.908431
0.905365
0.902548
0.89997
0.89762
0.895487
0.89356
0.89183
0.890286
0.888918
0.887715
0.886668
0.885766
0.885001
0.884362
0.883841
0.883428
0.883114
0.882892
0.882753
0.882689
0.882692
0.882755
0.882871
0.883034
0.883237
0.883474
0.883739
0.884028
0.884337
0.88466
0.884994
0.885336
0.885684
0.886035
0.886389
0.886745
0.887106
0.887472
0.887846
0.88823
0.888629
0.889044
0.889482
0.889945
0.890438
0.890967
0.891536
0.892151
0.892817
0.89354
0.894325
0.895179
0.896106
0.897114
0.898206
0.89939
0.900671
0.902054
0.903544
0.905147
0.906867
0.908707
0.910673
0.912767
0.914993
0.917352
0.919846
0.922477
0.925244
0.928146
0.931183
0.93435
0.937645
0.941062
0.944595
0.948236
0.951976
0.955804
0.959709
0.963675
0.967687
0.971726
0.975774
0.979807
1
0.991611
0.983616
0.97601
0.968785
0.961933
0.955448
0.949321
0.943544
0.938106
0.933
0.928215
0.923743
0.919571
0.915692
0.912094
0.908766
0.905699
0.902882
0.900304
0.897955
0.895823
0.8939
0.892173
0.890634
0.889271
0.888075
0.887035
0.886142
0.885387
0.88476
0.884252
0.883853
0.883556
0.883352
0.883233
0.883191
0.883218
0.883307
0.883452
0.883645
0.883882
0.884155
0.88446
0.884791
0.885145
0.885517
0.885904
0.886303
0.886712
0.887128
0.887552
0.887984
0.888424
0.888876
0.889341
0.889823
0.890325
0.890851
0.891406
0.891993
0.892619
0.893288
0.894006
0.894779
0.895612
0.896512
0.897486
0.898538
0.899676
0.900907
0.902236
0.903669
0.905214
0.906876
0.908661
0.910575
0.912623
0.914811
0.917142
0.919622
0.922254
0.925041
0.927986
0.931091
0.934357
0.937783
0.94137
0.945116
0.949017
0.95307
0.957269
0.961608
0.966078
0.97067
0.975372
0.98017
0.985051
0.989996
0.994986
1
0.9996
0.991228
0.98325
0.975661
0.968453
0.961619
0.955151
0.949042
0.943282
0.937863
0.932775
0.928009
0.923555
0.919403
0.915543
0.911964
0.908657
0.90561
0.902813
0.900256
0.897928
0.895818
0.893917
0.892213
0.890696
0.889357
0.888185
0.887171
0.886304
0.885575
0.884975
0.884495
0.884126
0.883859
0.883687
0.8836
0.883592
0.883654
0.883781
0.883964
0.884198
0.884477
0.884794
0.885146
0.885526
0.885931
0.886357
0.886801
0.88726
0.887731
0.888214
0.888707
0.889212
0.889731
0.890264
0.890817
0.89139
0.89199
0.892619
0.893283
0.893987
0.894736
0.895537
0.896394
0.897314
0.898304
0.89937
0.90052
0.90176
0.903096
0.904537
0.906089
0.90776
0.909555
0.911483
0.913549
0.915761
0.918124
0.920645
0.923329
0.926181
0.929206
0.932409
0.935792
0.93936
0.943113
0.947053
0.95118
0.955495
0.959994
0.964676
0.969535
0.974566
0.979763
0.985115
0.990614
0.996245
1.002
1.00785
1.01379
1.01979
0.9984
0.990066
0.982127
0.974577
0.967408
0.960614
0.954187
0.948118
0.942398
0.93702
0.931973
0.927248
0.922835
0.918724
0.914905
0.911368
0.908102
0.905096
0.902341
0.899825
0.897538
0.89547
0.89361
0.891948
0.890473
0.889176
0.888046
0.887074
0.886249
0.885563
0.885006
0.88457
0.884244
0.884022
0.883894
0.883853
0.883891
0.884
0.884174
0.884407
0.88469
0.88502
0.88539
0.885795
0.886231
0.886693
0.887178
0.887682
0.888203
0.888739
0.889289
0.889851
0.890427
0.89102
0.891632
0.892266
0.892926
0.893617
0.894343
0.895109
0.89592
0.896784
0.897705
0.898691
0.899748
0.900884
0.902105
0.903418
0.904833
0.906355
0.907993
0.909755
0.911647
0.91368
0.915858
0.918192
0.920687
0.92335
0.92619
0.929212
0.932423
0.935828
0.939432
0.943241
0.947258
0.951486
0.955928
0.960585
0.965458
0.970546
0.975848
0.98136
0.987078
0.992995
0.999105
1.0054
1.01186
1.01849
1.02525
1.03215
1.03915
0.9964
0.988126
0.980247
0.972758
0.965651
0.958919
0.952554
0.946548
0.940892
0.935577
0.930593
0.925932
0.921582
0.917535
0.913779
0.910305
0.907101
0.904159
0.901466
0.899012
0.896787
0.89478
0.892982
0.89138
0.889966
0.888729
0.887658
0.886745
0.88598
0.885353
0.884854
0.884476
0.884209
0.884044
0.883975
0.883992
0.884087
0.884255
0.884488
0.884779
0.885122
0.885511
0.885941
0.886407
0.886904
0.887428
0.887976
0.888545
0.889131
0.889734
0.89035
0.89098
0.891626
0.89229
0.892975
0.893686
0.894427
0.895202
0.896016
0.896876
0.897786
0.898755
0.899787
0.900891
0.902074
0.903343
0.904706
0.906171
0.907746
0.90944
0.911262
0.913218
0.915319
0.917573
0.919988
0.922573
0.925336
0.928285
0.931428
0.934773
0.938327
0.942096
0.946088
0.950307
0.95476
0.959449
0.96438
0.969555
0.974975
0.980642
0.986554
0.99271
0.999107
1.00574
1.0126
1.01969
1.02698
1.03448
1.04216
1.05001
1.05801
0.9936
0.985407
0.977611
0.970205
0.963182
0.956535
0.950255
0.944334
0.938764
0.933535
0.928637
0.924062
0.919798
0.915836
0.912166
0.908776
0.905657
0.902798
0.900189
0.897818
0.895675
0.89375
0.892031
0.89051
0.889174
0.888015
0.887022
0.886186
0.885496
0.884944
0.88452
0.884215
0.88402
0.883928
0.883929
0.884016
0.884182
0.88442
0.884721
0.885081
0.885492
0.885949
0.886447
0.88698
0.887545
0.888137
0.888753
0.88939
0.890043
0.890712
0.891395
0.892093
0.892806
0.893538
0.894292
0.895074
0.895889
0.89674
0.897636
0.89858
0.89958
0.900643
0.901776
0.902987
0.904283
0.905673
0.907165
0.908768
0.910491
0.912342
0.914332
0.916469
0.918763
0.921222
0.923858
0.926678
0.929693
0.932911
0.936341
0.939992
0.943873
0.947991
0.952353
0.956968
0.961841
0.966978
0.972383
0.978062
0.984017
0.99025
0.996762
1.00355
1.01062
1.01796
1.02557
1.03344
1.04157
1.04993
1.05853
1.06734
1.07635
0.99
0.98191
0.974218
0.966918
0.960001
0.953461
0.947289
0.941477
0.936015
0.930895
0.926106
0.921639
0.917483
0.913629
0.910066
0.906784
0.903771
0.901017
0.898512
0.896245
0.894204
0.89238
0.890762
0.889339
0.888101
0.887038
0.88614
0.885398
0.8848
0.884339
0.884004
0.883788
0.88368
0.883673
0.883759
0.88393
0.884177
0.884495
0.884876
0.885314
0.885803
0.886336
0.88691
0.887518
0.888156
0.888821
0.889509
0.890216
0.890939
0.891675
0.892424
0.893187
0.893966
0.894762
0.895581
0.896428
0.89731
0.898231
0.899198
0.900218
0.901298
0.902445
0.903667
0.904973
0.90637
0.907868
0.909475
0.911202
0.913057
0.915051
0.917194
0.919495
0.921965
0.924614
0.927453
0.930492
0.933741
0.93721
0.94091
0.94485
0.94904
0.953489
0.958206
0.963199
0.968476
0.974043
0.979909
0.986077
0.992552
0.999338
1.00644
1.01385
1.02158
1.02962
1.03797
1.04662
1.05557
1.06481
1.07432
1.0841
1.09412
0.9856
0.977635
0.97007
0.962897
0.95611
0.9497
0.943658
0.937977
0.932647
0.927658
0.923001
0.918665
0.91464
0.910917
0.907483
0.904329
0.901444
0.898818
0.896438
0.894294
0.892377
0.890674
0.889175
0.88787
0.886749
0.885801
0.885015
0.884383
0.883895
0.883541
0.883311
0.883198
0.883191
0.883284
0.883467
0.883733
0.884075
0.884484
0.884956
0.885482
0.886057
0.886675
0.887331
0.888021
0.888739
0.889482
0.890245
0.891024
0.891817
0.89262
0.893435
0.894262
0.895103
0.895962
0.896841
0.897748
0.898689
0.899671
0.900702
0.901787
0.902936
0.904156
0.905456
0.906844
0.908329
0.909921
0.911629
0.913465
0.915437
0.917558
0.919837
0.922285
0.924914
0.927735
0.93076
0.933999
0.937464
0.941166
0.945117
0.949327
0.953808
0.95857
0.963622
0.968975
0.974638
0.98062
0.986928
0.993569
1.00055
1.00787
1.01555
1.02357
1.03195
1.04068
1.04976
1.05919
1.06896
1.07906
1.08949
1.10022
1.11126
0.9804
0.972582
0.965166
0.958144
0.951508
0.945251
0.939363
0.933836
0.928661
0.923826
0.919323
0.915142
0.911271
0.9077
0.904419
0.901416
0.898681
0.896202
0.893969
0.891971
0.890196
0.888634
0.887275
0.886107
0.885121
0.884305
0.883651
0.883147
0.882784
0.882553
0.882444
0.882449
0.882558
0.882764
0.883057
0.883431
0.883878
0.884391
0.884963
0.885587
0.886257
0.886969
0.887715
0.888493
0.889297
0.890122
0.890962
0.891815
0.892678
0.893549
0.894429
0.895318
0.896219
0.897135
0.898071
0.899033
0.900027
0.901061
0.902145
0.903287
0.904494
0.905775
0.907139
0.908596
0.910155
0.911827
0.913621
0.91555
0.917624
0.919854
0.922252
0.92483
0.9276
0.930574
0.933765
0.937186
0.940847
0.944763
0.948945
0.953406
0.958157
0.963211
0.96858
0.974274
0.980304
0.98668
0.993412
1.00051
1.00798
1.01582
1.02406
1.03268
1.04169
1.0511
1.0609
1.07109
1.08167
1.09264
1.10397
1.11568
1.12773
0.9744
0.966752
0.959507
0.952658
0.946198
0.940116
0.934406
0.929056
0.924058
0.919402
0.915077
0.911073
0.907379
0.903983
0.900877
0.898047
0.895483
0.893175
0.89111
0.889277
0.887666
0.886266
0.885066
0.884055
0.883222
0.882557
0.882051
0.881692
0.881471
0.88138
0.881407
0.881545
0.881784
0.882117
0.882534
0.883029
0.883593
0.88422
0.884902
0.885634
0.886409
0.887221
0.888066
0.888939
0.889832
0.890741
0.891662
0.892589
0.893523
0.894461
0.895405
0.896354
0.897312
0.898282
0.89927
0.900281
0.901322
0.902401
0.903529
0.904715
0.905968
0.907298
0.908714
0.910226
0.911845
0.913581
0.915447
0.917452
0.91961
0.921932
0.924431
0.92712
0.930012
0.93312
0.936458
0.940039
0.943876
0.947984
0.952376
0.957066
0.962067
0.967393
0.973056
0.97907
0.985446
0.992196
0.999332
1.00686
1.0148
1.02315
1.03193
1.04113
1.05076
1.06083
1.07134
1.08229
1.09368
1.10549
1.11774
1.1304
1.14347
0.9676
0.960144
0.953094
0.946442
0.940179
0.934297
0.928787
0.923639
0.918843
0.914388
0.910264
0.90646
0.902966
0.89977
0.89686
0.894226
0.891856
0.889739
0.887864
0.886218
0.884792
0.883574
0.882552
0.881717
0.881057
0.880561
0.880221
0.880025
0.879963
0.880027
0.880206
0.880492
0.880876
0.881349
0.881903
0.88253
0.883224
0.883976
0.884779
0.885628
0.886517
0.887439
0.88839
0.889361
0.890348
0.891344
0.892345
0.893349
0.894354
0.895359
0.896364
0.897371
0.898383
0.899404
0.900438
0.901492
0.902574
0.903691
0.904854
0.906074
0.907361
0.908727
0.910181
0.911734
0.913397
0.915182
0.917101
0.919165
0.921389
0.923785
0.926366
0.929147
0.932141
0.935362
0.938825
0.942545
0.946537
0.950815
0.955395
0.960291
0.965519
0.971093
0.977028
0.983339
0.990038
0.997141
1.00466
1.01261
1.02099
1.02983
1.03912
1.04889
1.05913
1.06984
1.08105
1.09274
1.10492
1.11758
1.13073
1.14434
1.15843
0.96
0.952759
0.945927
0.939495
0.933454
0.927796
0.92251
0.917587
0.913016
0.908787
0.904888
0.901309
0.898037
0.895063
0.892374
0.889958
0.887804
0.885901
0.884237
0.8828
0.881579
0.880563
0.87974
0.8791
0.878631
0.878324
0.878167
0.878151
0.878266
0.878501
0.878847
0.879296
0.879839
0.880466
0.88117
0.881943
0.882777
0.883666
0.884601
0.885577
0.886588
0.887628
0.888689
0.889764
0.890846
0.891932
0.893016
0.894097
0.895173
0.896243
0.897309
0.898371
0.899433
0.9005
0.901576
0.902667
0.903783
0.904931
0.90612
0.907364
0.908673
0.91006
0.911538
0.913116
0.914808
0.916625
0.91858
0.920687
0.922958
0.925408
0.928052
0.930903
0.933977
0.93729
0.940857
0.944693
0.948816
0.953241
0.957985
0.963063
0.968494
0.974292
0.980475
0.987057
0.994057
1.00149
1.00936
1.0177
1.02651
1.03581
1.04561
1.05591
1.06674
1.07809
1.08997
1.10239
1.11535
1.12885
1.14288
1.15745
1.17255
0.9516
0.944598
0.938007
0.931819
0.926024
0.920614
0.915577
0.910903
0.906582
0.902602
0.898952
0.895621
0.892597
0.889868
0.887422
0.885248
0.883333
0.881666
0.880235
0.879028
0.878033
0.87724
0.876636
0.876211
0.875953
0.875852
0.875897
0.876078
0.876386
0.876809
0.877339
0.877966
0.878681
0.879477
0.880344
0.881275
0.882262
0.883297
0.884375
0.885488
0.886631
0.887793
0.888969
0.89015
0.891332
0.892508
0.893677
0.894836
0.895982
0.897117
0.89824
0.899355
0.900464
0.901572
0.902684
0.903807
0.904949
0.906119
0.907328
0.908586
0.909905
0.911301
0.912787
0.914375
0.916079
0.917911
0.919884
0.922013
0.924312
0.926796
0.929481
0.932381
0.935514
0.938895
0.942542
0.946471
0.950701
0.955247
0.96013
0.965365
0.970972
0.976969
0.983373
0.990202
0.997474
1.00521
1.01342
1.02212
1.03133
1.04107
1.05134
1.06217
1.07356
1.08552
1.09806
1.1112
1.12492
1.13924
1.15416
1.16967
1.18577
0.9424
0.93566
0.929335
0.923416
0.917892
0.912753
0.90799
0.90359
0.899543
0.895837
0.892461
0.889403
0.88665
0.88419
0.882011
0.880102
0.878449
0.87704
0.875864
0.874909
0.874162
0.873612
0.873247
0.873057
0.873029
0.873153
0.873418
0.873815
0.874331
0.874959
0.875688
0.876508
0.877412
0.878389
0.879433
0.880534
0.881685
0.88288
0.88411
0.88537
0.886649
0.88794
0.889234
0.890525
0.891808
0.893078
0.894332
0.895568
0.896784
0.897982
0.899161
0.900325
0.901477
0.902622
0.903764
0.904912
0.906074
0.907259
0.908476
0.909739
0.911059
0.912451
0.91393
0.915511
0.917209
0.919038
0.92101
0.923142
0.925449
0.927946
0.93065
0.933577
0.936744
0.94017
0.943872
0.947869
0.952179
0.956821
0.961815
0.96718
0.972936
0.979103
0.985701
0.992748
1.00027
1.00827
1.01679
1.02583
1.03542
1.04557
1.05629
1.06762
1.07954
1.0921
1.10528
1.1191
1.13358
1.1487
1.16449
1.18093
1.19803
0.9324
0.925947
0.919913
0.914286
0.909058
0.904217
0.899752
0.895651
0.891904
0.888498
0.88542
0.882659
0.880201
0.878035
0.876147
0.874526
0.873158
0.872031
0.871132
0.870451
0.869973
0.869687
0.869582
0.869646
0.869868
0.870236
0.87074
0.871368
0.872112
0.87296
0.873904
0.874933
0.876039
0.877212
0.878445
0.87973
0.881058
0.882422
0.883815
0.885228
0.886649
0.888072
0.889489
0.890893
0.89228
0.893644
0.894984
0.896298
0.897583
0.898842
0.900075
0.901285
0.902475
0.903651
0.904819
0.905985
0.907159
0.908349
0.909567
0.910824
0.912134
0.913511
0.914969
0.916527
0.918202
0.920007
0.92196
0.924074
0.926366
0.928854
0.931554
0.934484
0.937662
0.941107
0.944838
0.948876
0.953239
0.957949
0.963027
0.968493
0.974369
0.980677
0.987438
0.994674
1.00241
1.01066
1.01945
1.0288
1.03873
1.04926
1.06042
1.07221
1.08465
1.09776
1.11156
1.12606
1.14126
1.15718
1.17381
1.19117
1.20926
0.9216
0.915459
0.90974
0.904432
0.899525
0.895007
0.890866
0.887091
0.883669
0.880587
0.877833
0.875394
0.873257
0.871409
0.869837
0.868527
0.867468
0.866646
0.866047
0.865661
0.865474
0.865474
0.86565
0.865988
0.866479
0.86711
0.86787
0.86875
0.869737
0.870823
0.871997
0.873251
0.874573
0.875957
0.877393
0.878873
0.880389
0.881935
0.883498
0.885069
0.886638
0.888197
0.88974
0.89126
0.892752
0.894213
0.895639
0.897029
0.898383
0.899701
0.900985
0.902237
0.903462
0.904664
0.90585
0.907028
0.908206
0.909393
0.910602
0.911843
0.913131
0.91448
0.915906
0.917426
0.919058
0.920822
0.922733
0.924808
0.927064
0.929519
0.932191
0.935099
0.938262
0.9417
0.945433
0.949484
0.953872
0.958621
0.963752
0.969288
0.975253
0.98167
0.988563
0.995955
1.00387
1.01233
1.02137
1.03099
1.04124
1.05212
1.06367
1.0759
1.08883
1.10248
1.11687
1.13201
1.14792
1.1646
1.18207
1.20034
1.2194
0.91
0.904197
0.898819
0.893856
0.889296
0.885127
0.881337
0.877913
0.874842
0.872111
0.869707
0.867616
0.865825
0.86432
0.863087
0.862114
0.861387
0.860893
0.860618
0.86055
0.860676
0.860983
0.86146
0.862094
0.862873
0.863786
0.864822
0.86597
0.867219
0.868559
0.86998
0.871472
0.873026
0.874634
0.876286
0.877975
0.879692
0.881426
0.883165
0.884899
0.88662
0.88832
0.889992
0.891631
0.89323
0.894788
0.896301
0.897768
0.899188
0.900563
0.901895
0.903185
0.904439
0.905663
0.906861
0.908043
0.909217
0.910393
0.911582
0.912797
0.914052
0.915361
0.916741
0.918208
0.919783
0.921484
0.923332
0.925346
0.927543
0.929941
0.93256
0.93542
0.938541
0.941944
0.945651
0.949685
0.954068
0.958824
0.963977
0.969552
0.975573
0.982066
0.989056
0.996571
1.00463
1.01327
1.02252
1.03239
1.04291
1.05411
1.06602
1.07865
1.09204
1.1062
1.12114
1.13691
1.15349
1.17092
1.18921
1.20835
1.22837
0.8976
0.892161
0.887151
0.882559
0.878373
0.874581
0.871168
0.868122
0.865429
0.863076
0.861048
0.859331
0.857911
0.856775
0.855907
0.855296
0.854925
0.854783
0.854854
0.855127
0.855588
0.856225
0.857023
0.857973
0.859061
0.860275
0.861605
0.86304
0.864567
0.866178
0.867862
0.86961
0.871411
0.873257
0.875139
0.877049
0.878974
0.880902
0.882823
0.884726
0.886604
0.888449
0.890253
0.892012
0.89372
0.895376
0.896975
0.898518
0.900004
0.901433
0.902809
0.904134
0.905413
0.906651
0.907856
0.909034
0.910196
0.911351
0.912511
0.913689
0.914898
0.916155
0.917474
0.918875
0.920376
0.921998
0.923762
0.925691
0.927804
0.93012
0.93266
0.935445
0.938496
0.941835
0.945486
0.949473
0.953819
0.95855
0.963692
0.96927
0.975313
0.981846
0.988898
0.996498
1.00467
1.01345
1.02287
1.03294
1.04371
1.05519
1.06742
1.08042
1.09423
1.10886
1.12434
1.14068
1.15792
1.17607
1.19514
1.21515
1.23611
0.8844
0.879351
0.874737
0.870544
0.86676
0.863371
0.860364
0.857723
0.855436
0.853487
0.851862
0.850546
0.849524
0.848782
0.848306
0.84808
0.848091
0.848324
0.848767
0.849404
0.850222
0.851209
0.852352
0.853638
0.855055
0.85659
0.858233
0.859972
0.861797
0.863695
0.865659
0.867676
0.869739
0.871838
0.873963
0.876102
0.878242
0.880372
0.88248
0.884558
0.886596
0.888589
0.890528
0.89241
0.894229
0.895982
0.897668
0.899286
0.900835
0.902316
0.903733
0.905088
0.906387
0.907635
0.908838
0.910005
0.911146
0.912271
0.913391
0.914521
0.915673
0.916863
0.918109
0.919428
0.92084
0.922365
0.924026
0.925846
0.92785
0.930059
0.932493
0.935174
0.938126
0.941371
0.944935
0.948842
0.953118
0.95779
0.962885
0.968432
0.974458
0.980995
0.98807
0.995716
1.00396
1.01284
1.02239
1.03263
1.04359
1.05532
1.06783
1.08117
1.09535
1.11042
1.12639
1.14329
1.16115
1.17998
1.19981
1.22066
1.24254
0.8704
0.86577
0.861579
0.857813
0.854459
0.851503
0.848928
0.846722
0.844868
0.843352
0.842157
0.841269
0.840672
0.840352
0.840292
0.840478
0.840896
0.84153
0.842366
0.843391
0.84459
0.84595
0.847458
0.849102
0.850868
0.852744
0.854719
0.856781
0.85892
0.861124
0.863383
0.865687
0.868026
0.870392
0.872769
0.875145
0.877507
0.879844
0.882145
0.884401
0.886605
0.888748
0.890826
0.892831
0.894762
0.896614
0.898386
0.900077
0.901687
0.903218
0.904672
0.906053
0.907366
0.908617
0.909812
0.910961
0.912072
0.913157
0.914227
0.915296
0.916378
0.91749
0.918647
0.919869
0.921175
0.922587
0.924126
0.925818
0.927687
0.92976
0.93206
0.934609
0.937431
0.940551
0.943994
0.947788
0.951959
0.956536
0.961548
0.967024
0.972997
0.979496
0.986555
0.994206
1.00248
1.01142
1.02105
1.03141
1.04254
1.05446
1.06721
1.08084
1.09536
1.11082
1.12724
1.14466
1.1631
1.18259
1.20315
1.2248
1.24757
0.8556
0.851417
0.847678
0.844369
0.841474
0.838979
0.836868
0.835124
0.833733
0.832677
0.831942
0.83151
0.831366
0.831493
0.831877
0.832501
0.833351
0.83441
0.835666
0.837102
0.838705
0.84046
0.842356
0.844378
0.846514
0.848751
0.851077
0.853482
0.855952
0.858478
0.86105
0.863656
0.866287
0.868929
0.871566
0.874186
0.876776
0.879326
0.881825
0.884265
0.886638
0.888935
0.891153
0.893285
0.895328
0.897278
0.899136
0.900899
0.902568
0.904145
0.905633
0.907035
0.908357
0.909604
0.910784
0.911906
0.912979
0.914013
0.915023
0.91602
0.917019
0.918037
0.919091
0.9202
0.921384
0.922664
0.924064
0.925607
0.92732
0.92923
0.931366
0.933751
0.936412
0.939374
0.942663
0.946308
0.950338
0.954783
0.959672
0.965039
0.970915
0.977336
0.984334
0.991947
1.00021
1.00916
1.01883
1.02927
1.0405
1.05257
1.06552
1.07939
1.09421
1.11001
1.12684
1.14473
1.16372
1.18382
1.20507
1.2275
1.25113
0.84
0.836294
0.833037
0.830214
0.827809
0.825805
0.824187
0.822936
0.822037
0.821472
0.821224
0.821277
0.821614
0.822217
0.823072
0.824161
0.825468
0.826979
0.828678
0.83055
0.83258
0.834754
0.837059
0.839482
0.842008
0.844626
0.847323
0.850088
0.852909
0.855775
0.858675
0.8616
0.864532
0.867458
0.870363
0.873234
0.876059
0.878828
0.881531
0.884159
0.886703
0.889158
0.891518
0.893777
0.895933
0.897983
0.899924
0.901758
0.903484
0.905104
0.906621
0.90804
0.909364
0.910602
0.911759
0.912846
0.913871
0.914846
0.915783
0.916696
0.9176
0.918511
0.919447
0.920426
0.92147
0.922601
0.92384
0.925215
0.92675
0.928473
0.930415
0.932606
0.935073
0.937842
0.940942
0.944402
0.948252
0.952525
0.957252
0.962467
0.968205
0.974501
0.981394
0.988921
0.997121
1.00603
1.0157
1.02616
1.03745
1.04963
1.06272
1.07678
1.09184
1.10795
1.12514
1.14345
1.16293
1.18361
1.20551
1.22868
1.25313
0.8236
0.820402
0.817658
0.815353
0.813468
0.811987
0.810892
0.810165
0.809788
0.809744
0.810014
0.810581
0.811427
0.812536
0.813888
0.815469
0.817262
0.81925
0.821417
0.823749
0.826231
0.828847
0.831584
0.834429
0.837367
0.840386
0.843474
0.846618
0.849808
0.853031
0.856277
0.859529
0.862772
0.86599
0.86917
0.8723
0.875366
0.87836
0.881271
0.88409
0.886811
0.889425
0.891929
0.894317
0.896587
0.898734
0.90076
0.902662
0.904442
0.906102
0.907644
0.909074
0.910396
0.911617
0.912744
0.913787
0.914755
0.91566
0.916513
0.91733
0.918125
0.918915
0.919717
0.920551
0.921438
0.9224
0.92346
0.924644
0.925978
0.927492
0.929215
0.931179
0.933418
0.935959
0.938833
0.942069
0.945701
0.94976
0.954281
0.959301
0.964855
0.970982
0.977721
0.985113
0.993199
1.00202
1.01163
1.02206
1.03336
1.04558
1.05877
1.07296
1.08821
1.10456
1.12206
1.14075
1.16067
1.18187
1.20438
1.22825
1.25349
0.8064
0.803741
0.801543
0.799787
0.798455
0.797529
0.79699
0.796818
0.796996
0.797503
0.798322
0.799433
0.800819
0.802461
0.80434
0.806441
0.808745
0.811237
0.813899
0.816716
0.819673
0.822755
0.825947
0.829236
0.832607
0.836048
0.839546
0.84309
0.846666
0.850264
0.853866
0.857456
0.861017
0.864536
0.867999
0.871393
0.874707
0.877931
0.881054
0.884069
0.886969
0.889746
0.892396
0.894914
0.897297
0.899542
0.90165
0.903619
0.90545
0.907146
0.90871
0.910146
0.911459
0.912657
0.913746
0.914736
0.915638
0.916461
0.91722
0.917928
0.918601
0.919255
0.919908
0.92058
0.921291
0.922065
0.922926
0.923898
0.925009
0.926289
0.927768
0.929477
0.931453
0.93373
0.936339
0.939312
0.942683
0.946487
0.950758
0.955536
0.960858
0.966766
0.973301
0.980506
0.988426
0.997107
1.0066
1.01694
1.02819
1.0404
1.05361
1.06788
1.08326
1.0998
1.11755
1.13656
1.15687
1.17854
1.20161
1.22612
1.2521
0.7884
0.786314
0.784694
0.783521
0.782776
0.782438
0.782487
0.782904
0.783668
0.78476
0.786159
0.787846
0.789801
0.792006
0.794442
0.797091
0.799934
0.802956
0.806139
0.809467
0.812924
0.816495
0.820165
0.82392
0.827747
0.83163
0.835559
0.83952
0.843502
0.847486
0.851454
0.855391
0.85928
0.863107
0.86686
0.870526
0.874093
0.877551
0.880892
0.884106
0.887188
0.89013
0.892927
0.895575
0.898072
0.900415
0.902604
0.904637
0.906517
0.908246
0.909826
0.911263
0.912561
0.913729
0.914772
0.915701
0.916526
0.917259
0.917911
0.918498
0.919034
0.919538
0.920026
0.920518
0.921037
0.921603
0.922243
0.922982
0.923847
0.924868
0.926075
0.927503
0.929186
0.931161
0.933466
0.936135
0.939203
0.942706
0.946682
0.951169
0.95621
0.961847
0.968124
0.975088
0.982784
0.991264
1.00058
1.01078
1.02191
1.03405
1.04722
1.06151
1.07695
1.09361
1.11155
1.13081
1.15146
1.17354
1.19711
1.22221
1.24888
0.7696
0.768121
0.767115
0.766559
0.766435
0.76672
0.767392
0.768432
0.769816
0.771525
0.773536
0.77583
0.778387
0.781186
0.784207
0.787433
0.790845
0.794425
0.798156
0.80202
0.806002
0.810087
0.814258
0.818502
0.822805
0.827152
0.831532
0.83593
0.840329
0.844709
0.849054
0.853346
0.857571
0.861715
0.865765
0.869708
0.873534
0.877232
0.880794
0.884211
0.887477
0.890586
0.893532
0.896312
0.898923
0.901363
0.90363
0.905726
0.907652
0.909409
0.911001
0.912433
0.913711
0.914841
0.915831
0.91669
0.917429
0.918059
0.918593
0.919046
0.919433
0.91977
0.920077
0.920373
0.92068
0.92102
0.921418
0.921901
0.922495
0.923232
0.924143
0.92526
0.92662
0.928261
0.930222
0.932544
0.935264
0.938421
0.942052
0.9462
0.950907
0.956219
0.962182
0.968846
0.97626
0.984477
0.993551
1.00354
1.0145
1.02648
1.03956
1.05379
1.06923
1.08594
1.10399
1.12344
1.14435
1.16678
1.19078
1.21642
1.24373
0.75
0.749164
0.748807
0.748906
0.749438
0.750382
0.751713
0.75341
0.75545
0.757809
0.760467
0.763402
0.766591
0.770016
0.773654
0.777487
0.781495
0.785661
0.789966
0.794393
0.798926
0.803549
0.808245
0.813001
0.817802
0.822635
0.827485
0.832333
0.83716
0.841947
0.846677
0.851334
0.855903
0.860371
0.864724
0.868951
0.873041
0.876984
0.880771
0.884395
0.887848
0.891126
0.894222
0.897134
0.899858
0.902394
0.904739
0.906895
0.908863
0.910645
0.912244
0.913666
0.914917
0.916002
0.91693
0.91771
0.918353
0.91887
0.919275
0.919581
0.919804
0.919961
0.92007
0.920153
0.920229
0.920322
0.920458
0.920661
0.920962
0.921389
0.921974
0.922753
0.92376
0.925034
0.926615
0.928547
0.930874
0.933635
0.936872
0.940628
0.944947
0.949878
0.955469
0.961771
0.968839
0.976728
0.985496
0.995202
1.00591
1.01768
1.03058
1.04468
1.06004
1.07673
1.09482
1.11439
1.13548
1.15819
1.18255
1.20865
1.23654
0.7296
0.729445
0.729774
0.730565
0.731792
0.733431
0.735459
0.73785
0.740581
0.743627
0.746966
0.750575
0.754431
0.758512
0.762798
0.767268
0.771903
0.776683
0.781591
0.786607
0.791717
0.796902
0.802147
0.807438
0.81276
0.818099
0.823433
0.828742
0.834008
0.839211
0.844337
0.849367
0.854289
0.859088
0.863751
0.868268
0.872627
0.876819
0.880835
0.884668
0.888311
0.891759
0.895007
0.898051
0.900888
0.903518
0.90594
0.908153
0.91016
0.911963
0.913565
0.914972
0.916188
0.917222
0.91808
0.918772
0.919309
0.919703
0.919965
0.920111
0.920157
0.920118
0.920014
0.919865
0.919692
0.919519
0.91937
0.919272
0.919253
0.919344
0.919577
0.919987
0.92061
0.921484
0.922651
0.924155
0.926041
0.928358
0.931149
0.934458
0.938333
0.942823
0.947979
0.953857
0.960512
0.968004
0.976394
0.985747
0.996128
1.00761
1.02025
1.03414
1.04934
1.06592
1.08398
1.10357
1.12477
1.14767
1.17233
1.19882
1.22721
0.7084
0.708965
0.71002
0.711542
0.713503
0.715878
0.718639
0.721763
0.725222
0.728992
0.733047
0.737365
0.741921
0.746693
0.751659
0.756798
0.762089
0.767513
0.77305
0.778683
0.784395
0.790168
0.795987
0.801836
0.807701
0.813559
0.819389
0.825171
0.830887
0.836517
0.842047
0.84746
0.852741
0.857878
0.862858
0.86767
0.872303
0.876748
0.880997
0.885042
0.888878
0.892497
0.895897
0.899073
0.902024
0.904747
0.907243
0.909511
0.911554
0.913374
0.914974
0.916359
0.917535
0.91851
0.91929
0.919886
0.920307
0.920566
0.920674
0.920648
0.920501
0.920252
0.919918
0.91952
0.919079
0.918619
0.918164
0.917741
0.917378
0.917107
0.91696
0.916971
0.917177
0.917618
0.918335
0.919372
0.920777
0.922598
0.924889
0.927696
0.931067
0.935055
0.939713
0.945099
0.951272
0.958294
0.966231
0.975152
0.985126
0.996228
1.00853
1.02212
1.03707
1.05346
1.07138
1.09092
1.11214
1.13514
1.16001
1.18681
1.21562
0.6864
0.687725
0.689549
0.691843
0.694579
0.697729
0.701265
0.70516
0.709387
0.713918
0.718727
0.72379
0.729082
0.734578
0.740257
0.746096
0.752074
0.75817
0.764367
0.770644
0.776984
0.783371
0.789787
0.796218
0.80264
0.809031
0.815369
0.821636
0.827811
0.833878
0.839821
0.845624
0.851273
0.856755
0.862058
0.86717
0.872082
0.876784
0.881269
0.88553
0.889559
0.893352
0.896904
0.900213
0.903276
0.906092
0.908659
0.91098
0.913055
0.914887
0.91648
0.917839
0.918969
0.919877
0.920571
0.921061
0.921356
0.921469
0.921413
0.9212
0.920848
0.920373
0.919793
0.919128
0.918401
0.917633
0.91685
0.916079
0.915348
0.914688
0.914131
0.913713
0.913471
0.913443
0.913674
0.914206
0.915088
0.91637
0.918105
0.920351
0.923158
0.92658
0.930673
0.935497
0.941114
0.94759
0.954995
0.9634
0.972882
0.98352
0.995394
1.00859
1.0232
1.0393
1.05699
1.07636
1.09751
1.12053
1.1455
1.17251
1.20166
0.6636
0.665729
0.668364
0.671473
0.675027
0.678996
0.683349
0.688056
0.69309
0.698422
0.704023
0.709869
0.715931
0.722187
0.728612
0.735184
0.74188
0.74868
0.755564
0.762513
0.769509
0.776535
0.783573
0.790601
0.797594
0.80453
0.811388
0.81815
0.824796
0.831309
0.837674
0.843875
0.849898
0.855732
0.861363
0.866781
0.871976
0.87694
0.881664
0.886141
0.890367
0.894334
0.89804
0.901481
0.904656
0.907562
0.9102
0.91257
0.914674
0.916515
0.918096
0.919422
0.920499
0.921333
0.921933
0.922308
0.922468
0.922425
0.922191
0.92178
0.921208
0.920492
0.91965
0.918701
0.917668
0.916572
0.91544
0.914297
0.913173
0.912097
0.911103
0.910225
0.909501
0.908971
0.908677
0.908664
0.908981
0.909678
0.910811
0.912436
0.914616
0.917405
0.920863
0.925052
0.930037
0.935887
0.942675
0.950479
0.959378
0.969456
0.980802
0.993507
1.00766
1.02337
1.04073
1.05984
1.0808
1.10372
1.1287
1.15583
1.18522
0.64
0.642979
0.64647
0.65044
0.654857
0.659688
0.664901
0.670465
0.676349
0.682521
0.688955
0.69562
0.702492
0.709543
0.716748
0.724086
0.731532
0.739066
0.746667
0.754316
0.761994
0.769685
0.777362
0.785
0.792577
0.800071
0.807462
0.814729
0.821856
0.828824
0.835619
0.842226
0.848631
0.854822
0.860787
0.866516
0.871999
0.877227
0.882193
0.886891
0.891313
0.895457
0.899316
0.90289
0.906175
0.909171
0.911876
0.914293
0.916423
0.918268
0.919832
0.92112
0.922137
0.922891
0.923389
0.92364
0.923655
0.923445
0.923022
0.9224
0.921595
0.920623
0.919502
0.918252
0.916894
0.91545
0.913947
0.912409
0.910866
0.909348
0.907887
0.906519
0.905281
0.904212
0.903356
0.902758
0.902467
0.902534
0.903014
0.903967
0.905454
0.907543
0.910294
0.913772
0.918044
0.923184
0.929268
0.936377
0.944597
0.954017
0.96473
0.976836
0.990437
1.00564
1.02255
1.04127
1.06193
1.08464
1.1095
1.13664
1.16616
0.6156
0.619477
0.623872
0.628751
0.634078
0.639819
0.645938
0.652403
0.659179
0.666236
0.673542
0.681068
0.688785
0.696668
0.70469
0.712827
0.721055
0.729354
0.737702
0.746079
0.754468
0.76284
0.77117
0.779434
0.787609
0.795673
0.803606
0.81139
0.819007
0.82644
0.833673
0.840693
0.847487
0.854041
0.860345
0.866389
0.872163
0.87766
0.882871
0.88779
0.892412
0.896731
0.900745
0.904451
0.907845
0.910929
0.9137
0.916161
0.918313
0.920158
0.9217
0.922944
0.923896
0.924562
0.92495
0.925069
0.924929
0.924541
0.923917
0.923072
0.92202
0.920777
0.919362
0.917793
0.916092
0.914281
0.912385
0.910429
0.908442
0.906455
0.904499
0.90261
0.900824
0.899182
0.897726
0.896502
0.895559
0.894948
0.894727
0.894953
0.895691
0.897009
0.898978
0.901666
0.905143
0.909485
0.914773
0.92109
0.928529
0.937184
0.947154
0.958546
0.97147
0.98604
1.00237
1.02059
1.04082
1.06319
1.08782
1.11483
1.14436
0.5904
0.595225
0.600575
0.606414
0.612701
0.6194
0.626474
0.633886
0.641601
0.649585
0.657806
0.666233
0.674837
0.683589
0.692463
0.701434
0.710478
0.719572
0.728697
0.737832
0.746948
0.756017
0.765016
0.773919
0.782705
0.791351
0.799839
0.808149
0.816266
0.824171
0.831851
0.839291
0.846479
0.853402
0.860051
0.866414
0.872484
0.878251
0.883709
0.888852
0.893674
0.898171
0.902339
0.906176
0.909679
0.912849
0.915684
0.918186
0.920356
0.922197
0.923713
0.924908
0.925788
0.926359
0.926629
0.926607
0.926303
0.925727
0.924891
0.92381
0.922498
0.92097
0.919244
0.91734
0.915278
0.913079
0.910769
0.908372
0.905918
0.903434
0.900955
0.898513
0.896147
0.893896
0.891802
0.889911
0.888272
0.886937
0.885963
0.885409
0.885339
0.885823
0.886934
0.88875
0.891346
0.894799
0.899193
0.904618
0.911168
0.918945
0.928054
0.93861
0.950729
0.964537
0.980161
0.997735
1.01739
1.03928
1.06353
1.09029
1.11968
0.5644
0.570227
0.576586
0.583437
0.590738
0.598447
0.606526
0.614934
0.623635
0.632593
0.641773
0.651143
0.660673
0.670333
0.680095
0.689935
0.699828
0.709751
0.719683
0.729593
0.739453
0.749237
0.758919
0.768475
0.777884
0.787124
0.796177
0.805024
0.813648
0.822035
0.830168
0.838035
0.845623
0.852921
0.859918
0.866605
0.872973
0.879014
0.884722
0.89009
0.895114
0.899788
0.904111
0.908078
0.91169
0.914943
0.91784
0.920379
0.922565
0.924398
0.925882
0.927022
0.927824
0.928294
0.928439
0.928268
0.92779
0.927016
0.925958
0.924629
0.923043
0.921216
0.919165
0.916908
0.914467
0.911862
0.909116
0.906256
0.903309
0.900304
0.897273
0.894249
0.891269
0.888374
0.885604
0.883005
0.880626
0.878519
0.87674
0.87535
0.874414
0.874
0.874184
0.875045
0.87667
0.879139
0.882539
0.886964
0.892513
0.899293
0.907417
0.917004
0.928182
0.941085
0.955852
0.972629
0.991565
1.01282
1.03653
1.06288
1.092
0.5376
0.544486
0.551912
0.559832
0.568201
0.576976
0.586112
0.595568
0.605304
0.615283
0.625468
0.635825
0.646322
0.656929
0.667617
0.678362
0.689137
0.69992
0.710679
0.721384
0.732006
0.742519
0.752898
0.763121
0.773165
0.783011
0.792639
0.802032
0.811173
0.820048
0.828642
0.836942
0.844936
0.852613
0.859963
0.866977
0.873647
0.879964
0.885923
0.891518
0.896744
0.901597
0.906073
0.910171
0.913889
0.917225
0.92018
0.922755
0.924952
0.926773
0.928221
0.929302
0.93002
0.930381
0.930394
0.930065
0.929405
0.928423
0.927131
0.925543
0.923671
0.921531
0.919139
0.916515
0.913677
0.910646
0.907445
0.9041
0.900636
0.897083
0.893472
0.889836
0.886211
0.882636
0.879152
0.875804
0.872641
0.869715
0.86708
0.864799
0.862935
0.861559
0.860746
0.860576
0.861138
0.862525
0.864828
0.868142
0.872571
0.878229
0.885233
0.893713
0.903803
0.915647
0.929398
0.945213
0.963258
0.983702
1.00672
1.03248
1.06116
0.51
0.518007
0.52656
0.535609
0.545106
0.555003
0.565253
0.575811
0.586634
0.597683
0.608919
0.620307
0.631814
0.643409
0.655062
0.666747
0.678439
0.690103
0.701709
0.713226
0.724626
0.735884
0.746975
0.757877
0.768569
0.77903
0.789243
0.79919
0.808857
0.818227
0.827288
0.836027
0.844432
0.852493
0.8602
0.867545
0.874518
0.881115
0.887327
0.89315
0.898579
0.90361
0.90824
0.912467
0.916289
0.919706
0.922718
0.925326
0.927531
0.929335
0.930744
0.931759
0.932387
0.932634
0.932507
0.932013
0.931161
0.929962
0.928427
0.926568
0.924398
0.921932
0.919186
0.916177
0.912925
0.90945
0.905775
0.901923
0.89792
0.893794
0.889576
0.885298
0.880996
0.876706
0.872471
0.868334
0.864343
0.860549
0.857008
0.85378
0.850928
0.848524
0.846643
0.845366
0.844782
0.844986
0.846082
0.848169
0.851356
0.855759
0.861504
0.868726
0.877571
0.888192
0.900754
0.91543
0.932399
0.951849
0.973972
0.998963
1.02701
0.4816
0.490793
0.500538
0.510781
0.521469
0.53255
0.543972
0.555688
0.567652
0.579823
0.592159
0.604624
0.617184
0.629807
0.642463
0.655125
0.667756
0.680324
0.692796
0.705143
0.717337
0.729355
0.741171
0.752764
0.764114
0.775201
0.786008
0.796519
0.806717
0.81659
0.826124
0.835307
0.844128
0.852577
0.860645
0.868323
0.875603
0.88248
0.888947
0.894999
0.900631
0.90584
0.910624
0.914979
0.918905
0.922401
0.925467
0.928105
0.930314
0.932099
0.933462
0.934408
0.934941
0.935067
0.934793
0.934126
0.933075
0.93165
0.929861
0.927721
0.925241
0.922436
0.919321
0.915914
0.912232
0.908296
0.904126
0.899746
0.895182
0.890459
0.885608
0.880659
0.875648
0.870611
0.865588
0.860622
0.85576
0.851052
0.846553
0.842322
0.838422
0.834924
0.831903
0.829441
0.827626
0.826555
0.826333
0.827074
0.828889
0.8319
0.836237
0.842045
0.849477
0.858697
0.869884
0.883224
0.898916
0.917166
0.938188
0.962198
0.989415
0.4524
0.462849
0.473857
0.485363
0.497309
0.509638
0.522295
0.535228
0.54839
0.561735
0.575221
0.588811
0.602468
0.61616
0.629858
0.643521
0.657116
0.670606
0.683963
0.697158
0.710163
0.722954
0.735508
0.747804
0.759823
0.771545
0.782955
0.794036
0.804774
0.815156
0.825168
0.8348
0.844041
0.852881
0.861313
0.869326
0.876916
0.884075
0.890797
0.897079
0.902915
0.908303
0.913239
0.917722
0.92175
0.925323
0.928441
0.931105
0.933316
0.935077
0.936391
0.937262
0.937694
0.937694
0.937267
0.93642
0.935162
0.933502
0.931451
0.929018
0.926217
0.923061
0.919565
0.915745
0.911618
0.907203
0.902521
0.897594
0.892446
0.887103
0.881593
0.875946
0.870197
0.864379
0.858533
0.852699
0.846924
0.841255
0.835748
0.830459
0.825451
0.820794
0.816561
0.812835
0.809704
0.807264
0.805622
0.804893
0.805203
0.806677
0.809452
0.813679
0.819518
0.827147
0.836757
0.84855
0.862743
0.879565
0.899253
0.92205
0.948201
0.4224
0.434182
0.446527
0.459371
0.472646
0.486293
0.50025
0.514463
0.528881
0.543455
0.558143
0.572905
0.587705
0.602508
0.617275
0.631965
0.646544
0.660978
0.675239
0.689297
0.703127
0.716705
0.730009
0.743019
0.755717
0.768084
0.780104
0.791763
0.803046
0.813942
0.824437
0.834523
0.844187
0.853422
0.86222
0.870572
0.878472
0.885914
0.892893
0.899405
0.905445
0.91101
0.916098
0.920707
0.924836
0.928484
0.931652
0.93434
0.93655
0.938283
0.939544
0.940336
0.940663
0.94053
0.939943
0.93891
0.937438
0.935535
0.933212
0.930478
0.927346
0.923828
0.919938
0.915691
0.911104
0.906195
0.900983
0.89549
0.889738
0.883752
0.877559
0.871188
0.864671
0.858042
0.851338
0.844599
0.837869
0.831196
0.82463
0.81823
0.812055
0.806173
0.800658
0.79559
0.791056
0.787153
0.783986
0.781673
0.780341
0.780129
0.78118
0.783649
0.787707
0.793541
0.801355
0.81137
0.823823
0.838964
0.85706
0.878382
0.903208
0.3916
0.404797
0.418563
0.432823
0.447506
0.462543
0.477871
0.493429
0.509164
0.525025
0.540967
0.55695
0.572937
0.588882
0.604744
0.620485
0.63607
0.651468
0.666649
0.681586
0.696255
0.710633
0.724699
0.738433
0.751818
0.764837
0.777475
0.789718
0.801553
0.812967
0.82395
0.834492
0.844584
0.854216
0.863382
0.872074
0.880286
0.888012
0.895249
0.90199
0.908234
0.913977
0.919216
0.92395
0.928178
0.931899
0.935114
0.937823
0.940029
0.941732
0.942936
0.943644
0.94386
0.94359
0.942838
0.941612
0.939919
0.937766
0.935162
0.932118
0.928645
0.924754
0.920459
0.915773
0.910713
0.905294
0.899537
0.89346
0.887085
0.880435
0.873536
0.866416
0.859105
0.851634
0.844039
0.836359
0.828635
0.820913
0.813243
0.805678
0.798279
0.791109
0.784241
0.777753
0.77173
0.766269
0.761474
0.757461
0.754357
0.752306
0.751464
0.751992
0.754068
0.757889
0.763674
0.77166
0.782105
0.795288
0.811502
0.831056
0.854265
0.36
0.374704
0.389979
0.405743
0.421916
0.438423
0.455194
0.472166
0.489281
0.506487
0.523737
0.540991
0.558198
0.575314
0.592298
0.609113
0.625726
0.642105
0.658224
0.674055
0.689576
0.704765
0.719602
0.73407
0.74815
0.761829
0.77509
0.787923
0.800313
0.812251
0.823725
0.834727
0.845248
0.855279
0.864815
0.873848
0.882373
0.890385
0.897878
0.90485
0.911297
0.917216
0.922605
0.927463
0.931789
0.935581
0.938841
0.941569
0.943767
0.945436
0.946579
0.9472
0.947302
0.946889
0.945967
0.944542
0.942621
0.940211
0.93732
0.933958
0.930134
0.925861
0.921149
0.916013
0.910467
0.904526
0.898207
0.89153
0.884514
0.877182
0.869556
0.861663
0.853531
0.84519
0.836674
0.828019
0.819264
0.810453
0.801632
0.792853
0.784173
0.775654
0.767365
0.759381
0.751786
0.744672
0.738144
0.732314
0.72731
0.723274
0.720366
0.718761
0.718644
0.720222
0.723726
0.72941
0.737555
0.748469
0.76248
0.779936
0.801195
0.3276
0.34391
0.360794
0.378156
0.39591
0.41397
0.432263
0.450721
0.469281
0.487892
0.506505
0.525066
0.543526
0.561841
0.579973
0.597884
0.615544
0.632922
0.649993
0.666732
0.683116
0.699127
0.714745
0.729953
0.744737
0.75908
0.772972
0.786398
0.799348
0.811812
0.82378
0.835245
0.846196
0.856629
0.866536
0.875911
0.884749
0.893046
0.900797
0.907998
0.914648
0.920743
0.926281
0.931261
0.935682
0.939544
0.942847
0.945591
0.947779
0.949411
0.95049
0.951019
0.951002
0.950443
0.949346
0.947717
0.945562
0.942889
0.939703
0.936016
0.931834
0.927169
0.922032
0.916435
0.910391
0.903915
0.897022
0.88973
0.882057
0.874023
0.86565
0.856963
0.847987
0.838751
0.829285
0.819623
0.809802
0.799862
0.789848
0.779807
0.769794
0.759867
0.750091
0.740538
0.731288
0.722431
0.714066
0.706304
0.699269
0.693103
0.687963
0.684028
0.6815
0.680591
0.681543
0.68463
0.690155
0.698456
0.709901
0.724883
0.743816
0.2944
0.312428
0.331029
0.350095
0.369526
0.389231
0.409128
0.429145
0.449218
0.469294
0.489311
0.509216
0.52896
0.548503
0.567805
0.586834
0.605559
0.623952
0.641989
0.659647
0.676906
0.693747
0.710154
0.72611
0.741602
0.756616
0.771141
0.785164
0.798678
0.811671
0.824135
0.836063
0.847448
0.858282
0.868561
0.878278
0.88743
0.896011
0.904019
0.911449
0.9183
0.92457
0.930255
0.935356
0.939871
0.9438
0.947144
0.949902
0.952077
0.953669
0.954681
0.955116
0.954976
0.954266
0.95299
0.951152
0.948759
0.945816
0.942331
0.938311
0.933764
0.9287
0.923129
0.917061
0.91051
0.903487
0.896008
0.888087
0.879742
0.870992
0.861855
0.852354
0.842513
0.832357
0.821915
0.811217
0.800298
0.789194
0.777947
0.7666
0.755204
0.743813
0.732489
0.721297
0.710315
0.699625
0.689323
0.679516
0.670322
0.66188
0.654343
0.64789
0.642722
0.63907
0.637186
0.637356
0.639909
0.645214
0.653684
0.665767
0.681938
0.2604
0.280273
0.300712
0.321597
0.342812
0.364257
0.385845
0.407498
0.429153
0.450741
0.472203
0.493486
0.514546
0.535341
0.555837
0.576002
0.595808
0.61523
0.634245
0.652833
0.670975
0.688655
0.705856
0.722566
0.738771
0.754459
0.76962
0.784244
0.798322
0.811846
0.824808
0.837201
0.849018
0.860255
0.870905
0.880965
0.890429
0.899295
0.907558
0.915217
0.922269
0.928711
0.934543
0.939762
0.94437
0.948365
0.951747
0.954517
0.956676
0.958226
0.959168
0.959505
0.95924
0.958375
0.956916
0.954865
0.952229
0.949013
0.945222
0.940863
0.935945
0.930475
0.924462
0.917917
0.910849
0.90327
0.895194
0.886633
0.877604
0.868122
0.858205
0.847874
0.837148
0.826052
0.81461
0.802851
0.790804
0.778504
0.765988
0.753295
0.740471
0.727565
0.714634
0.70174
0.688951
0.676345
0.664012
0.65205
0.640573
0.629712
0.619614
0.610453
0.602428
0.595769
0.590746
0.587658
0.586854
0.588737
0.593767
0.602459
0.615367
0.2256
0.247461
0.269879
0.29271
0.315825
0.339114
0.362481
0.38585
0.409142
0.432289
0.455234
0.477929
0.500331
0.522402
0.544111
0.565429
0.586331
0.606793
0.626797
0.646323
0.665355
0.683879
0.70188
0.719347
0.736268
0.752633
0.768433
0.783659
0.798303
0.812358
0.825818
0.838675
0.850926
0.862564
0.873586
0.883986
0.893763
0.902912
0.91143
0.919315
0.926566
0.93318
0.939156
0.944493
0.949191
0.953249
0.956668
0.959448
0.96159
0.963094
0.963964
0.964201
0.963807
0.962785
0.961139
0.958872
0.955989
0.952495
0.948394
0.943693
0.938398
0.932517
0.926056
0.919026
0.911434
0.903291
0.894609
0.885398
0.875674
0.865449
0.854739
0.843562
0.831935
0.81988
0.807419
0.794575
0.781377
0.767852
0.754034
0.739959
0.725667
0.711201
0.696612
0.681955
0.667292
0.652694
0.63824
0.624022
0.610144
0.596727
0.583909
0.571854
0.560753
0.550832
0.542357
0.535648
0.531069
0.529054
0.530117
0.534846
0.543899
0.19
0.214018
0.238574
0.263495
0.288637
0.313876
0.339117
0.364266
0.389247
0.413997
0.438462
0.462598
0.486367
0.509735
0.532674
0.555159
0.577167
0.59868
0.61968
0.64015
0.660078
0.679449
0.698254
0.716481
0.73412
0.751163
0.767603
0.783431
0.798641
0.813227
0.827183
0.840505
0.853188
0.865226
0.876618
0.887359
0.897446
0.906876
0.915648
0.923758
0.931206
0.93799
0.944109
0.949562
0.954348
0.958468
0.961921
0.964709
0.966831
0.968289
0.969084
0.969218
0.968693
0.967511
0.965676
0.96319
0.960057
0.956281
0.951867
0.94682
0.941144
0.934847
0.927934
0.920413
0.912291
0.903578
0.894282
0.884415
0.873986
0.863008
0.851494
0.83946
0.826919
0.81389
0.800392
0.786446
0.772073
0.7573
0.742154
0.726666
0.71087
0.694804
0.678512
0.66204
0.645444
0.628784
0.61213
0.595564
0.579176
0.563075
0.547387
0.532261
0.517872
0.504434
0.492203
0.481494
0.47269
0.466251
0.462741
0.462836
0.467325
0.1536
0.179978
0.206857
0.234032
0.261335
0.288639
0.31583
0.342822
0.369542
0.395934
0.421951
0.447554
0.47271
0.497392
0.521574
0.545237
0.568361
0.590931
0.612931
0.63435
0.655176
0.675398
0.695007
0.713994
0.732352
0.750073
0.767152
0.783581
0.799356
0.814472
0.828924
0.842708
0.855821
0.868259
0.880018
0.891097
0.901493
0.911203
0.920225
0.928559
0.936203
0.943154
0.949414
0.95498
0.959854
0.964033
0.967519
0.970312
0.972413
0.973822
0.97454
0.97457
0.973912
0.972568
0.970541
0.967834
0.964449
0.96039
0.95566
0.950263
0.944204
0.937487
0.930118
0.922103
0.913448
0.904159
0.894245
0.883714
0.872575
0.860837
0.848511
0.83561
0.822145
0.80813
0.793583
0.778518
0.762954
0.746913
0.730417
0.713491
0.696163
0.678464
0.660431
0.642101
0.62352
0.60474
0.585817
0.566821
0.547828
0.528931
0.510236
0.491874
0.473999
0.456801
0.440514
0.425433
0.411932
0.400491
0.391714
0.386374
0.385427
0.1164
0.145391
0.174816
0.204424
0.234033
0.263498
0.292715
0.321605
0.350108
0.378176
0.405771
0.432862
0.459421
0.485428
0.510863
0.53571
0.559955
0.583586
0.60659
0.628959
0.650684
0.671756
0.692169
0.711916
0.73099
0.749388
0.767103
0.784132
0.800469
0.816112
0.831058
0.845302
0.858842
0.871676
0.883801
0.895216
0.905918
0.915905
0.925177
0.933731
0.941568
0.948686
0.955084
0.960762
0.96572
0.969957
0.973474
0.976271
0.978348
0.979707
0.980347
0.98027
0.979478
0.977971
0.975752
0.972822
0.969183
0.964839
0.959792
0.954044
0.947599
0.940461
0.932634
0.924122
0.91493
0.905064
0.894528
0.88333
0.871476
0.858973
0.84583
0.832055
0.817658
0.80265
0.787043
0.770849
0.754083
0.73676
0.718897
0.700514
0.681632
0.662275
0.64247
0.622248
0.601643
0.580694
0.559447
0.537955
0.516278
0.494488
0.472671
0.45093
0.429392
0.408213
0.38759
0.367778
0.349114
0.332052
0.317219
0.305471
0.297982
0.0784
0.110338
0.142577
0.174817
0.206858
0.238576
0.269883
0.300719
0.331039
0.360808
0.389999
0.41859
0.446562
0.473901
0.500594
0.526628
0.551996
0.576687
0.600695
0.624013
0.646635
0.668555
0.689769
0.710272
0.730061
0.749131
0.76748
0.785104
0.802001
0.818168
0.833603
0.848304
0.862269
0.875496
0.887983
0.89973
0.910735
0.920997
0.930514
0.939287
0.947315
0.954596
0.96113
0.966918
0.971958
0.976252
0.979798
0.982598
0.98465
0.985957
0.986518
0.986334
0.985406
0.983735
0.981322
0.978168
0.974276
0.969646
0.96428
0.95818
0.95135
0.94379
0.935504
0.926495
0.916766
0.90632
0.895161
0.883294
0.870723
0.857453
0.84349
0.828839
0.813507
0.797501
0.780829
0.7635
0.745523
0.726909
0.707669
0.687817
0.667366
0.646334
0.624738
0.602599
0.579941
0.55679
0.533177
0.509139
0.484717
0.459961
0.434932
0.4097
0.384356
0.359011
0.333811
0.308946
0.284679
0.261385
0.239625
0.22028
0.204757
0.0396
0.0749691
0.110338
0.145391
0.179979
0.214019
0.247463
0.280276
0.312434
0.343918
0.374714
0.404811
0.4342
0.462872
0.490821
0.518042
0.544529
0.570278
0.595285
0.619548
0.643062
0.665826
0.687836
0.709091
0.729589
0.749327
0.768305
0.78652
0.803971
0.820658
0.836578
0.851731
0.866116
0.879732
0.892578
0.904654
0.915958
0.926491
0.936251
0.94524
0.953455
0.960897
0.967565
0.97346
0.978582
0.982929
0.986503
0.989303
0.99133
0.992584
0.993065
0.992773
0.991709
0.989873
0.987267
0.983889
0.979743
0.974827
0.969143
0.962693
0.955477
0.947496
0.938752
0.929246
0.91898
0.907956
0.896175
0.88364
0.870353
0.856316
0.841533
0.826006
0.809738
0.792734
0.774996
0.75653
0.73734
0.717432
0.696811
0.675484
0.653458
0.630741
0.607344
0.583275
0.558547
0.533174
0.507171
0.480557
0.453353
0.425584
0.397282
0.368482
0.339233
0.309592
0.279637
0.249471
0.219241
0.189168
0.159615
0.131252
0.105512
-2.22045e-15
0.0396
0.0784
0.1164
0.1536
0.19
0.2256
0.2604
0.2944
0.3276
0.36
0.3916
0.4224
0.4524
0.4816
0.51
0.5376
0.5644
0.5904
0.6156
0.64
0.6636
0.6864
0.7084
0.7296
0.75
0.7696
0.7884
0.8064
0.8236
0.84
0.8556
0.8704
0.8844
0.8976
0.91
0.9216
0.9324
0.9424
0.9516
0.96
0.9676
0.9744
0.9804
0.9856
0.99
0.9936
0.9964
0.9984
0.9996
1
0.9996
0.9984
0.9964
0.9936
0.99
0.9856
0.9804
0.9744
0.9676
0.96
0.9516
0.9424
0.9324
0.9216
0.91
0.8976
0.8844
0.8704
0.8556
0.84
0.8236
0.8064
0.7884
0.7696
0.75
0.7296
0.7084
0.6864
0.6636
0.64
0.6156
0.5904
0.5644
0.5376
0.51
0.4816
0.4524
0.4224
0.3916
0.36
0.3276
0.2944
0.2604
0.2256
0.19
0.1536
0.1164
0.0784
0.0396
-6.0358e-15
