100
100
-1
1
0.02
-1
1
0.02
0.367879
0.38274
0.397882
0.413292
0.428956
0.444858
0.46098
0.477305
0.493812
0.510482
0.527292
0.544221
0.561244
0.578336
0.595473
0.612626
0.62977
0.646876
0.663916
0.680859
0.697676
0.714337
0.730811
0.747067
0.763074
0.778801
0.794216
0.809288
0.823987
0.838283
0.852144
0.865541
0.878447
0.890831
0.902668
0.913931
0.924595
0.934634
0.944027
0.952753
0.960789
0.968119
0.974725
0.980591
0.985703
0.99005
0.99362
0.996406
0.998401
0.9996
1
0.9996
0.998401
0.996406
0.99362
0.99005
0.985703
0.980591
0.974725
0.968119
0.960789
0.952753
0.944027
0.934634
0.924595
0.913931
0.902668
0.890831
0.878447
0.865541
0.852144
0.838283
0.823987
0.809288
0.794216
0.778801
0.763074
0.747067
0.730811
0.714337
0.697676
0.680859
0.663916
0.646876
0.62977
0.612626
0.595473
0.578336
0.561244
0.544221
0.527292
0.510482
0.493812
0.477305
0.46098
0.444858
0.428956
0.413292
0.397882
0.38274
0.367879
0.38274
0.3982
0.413954
0.429987
0.446283
0.462827
0.479601
0.496585
0.513759
0.531102
0.548592
0.566204
0.583915
0.601698
0.619526
0.637373
0.65521
0.673007
0.690735
0.708363
0.72586
0.743194
0.760333
0.777246
0.7939
0.810262
0.8263
0.841981
0.857275
0.872147
0.886569
0.900508
0.913935
0.92682
0.939135
0.950853
0.961947
0.972393
0.982165
0.991243
0.999605
1.00723
1.0141
1.02021
1.02553
1.03005
1.03376
1.03666
1.03874
1.03998
1.0404
1.03998
1.03874
1.03666
1.03376
1.03005
1.02553
1.02021
1.0141
1.00723
0.999605
0.991243
0.982165
0.972393
0.961947
0.950853
0.939135
0.92682
0.913935
0.900508
0.886569
0.872147
0.857275
0.841981
0.8263
0.810262
0.7939
0.777246
0.760333
0.743194
0.72586
0.708363
0.690735
0.673007
0.65521
0.637373
0.619526
0.601698
0.583915
0.566204
0.548592
0.531102
0.513759
0.496585
0.479601
0.462827
0.446283
0.429987
0.413954
0.3982
0.38274
0.397882
0.413954
0.43033
0.446997
0.463939
0.481137
0.498574
0.51623
0.534084
0.552113
0.570295
0.588604
0.607016
0.625502
0.644036
0.66259
0.681132
0.699633
0.718063
0.736388
0.754577
0.772598
0.790415
0.807998
0.82531
0.84232
0.858993
0.875295
0.891193
0.906655
0.921647
0.936137
0.950095
0.963491
0.976293
0.988475
1.00001
1.01087
1.02103
1.03046
1.03916
1.04708
1.05423
1.06057
1.0661
1.0708
1.07467
1.07768
1.07984
1.08113
1.08157
1.08113
1.07984
1.07768
1.07467
1.0708
1.0661
1.06057
1.05423
1.04708
1.03916
1.03046
1.02103
1.01087
1.00001
0.988475
0.976293
0.963491
0.950095
0.936137
0.921647
0.906655
0.891193
0.875295
0.858993
0.84232
0.82531
0.807998
0.790415
0.772598
0.754577
0.736388
0.718063
0.699633
0.681132
0.66259
0.644036
0.625502
0.607016
0.588604
0.570295
0.552113
0.534084
0.51623
0.498574
0.481137
0.463939
0.446997
0.43033
0.413954
0.397882
0.413292
0.429987
0.446997
0.46431
0.481907
0.499772
0.517884
0.536224
0.554769
0.573497
0.592383
0.611402
0.630526
0.649729
0.668981
0.688253
0.707514
0.726732
0.745875
0.76491
0.783804
0.802523
0.821031
0.839294
0.857278
0.874946
0.892265
0.909199
0.925713
0.941773
0.957346
0.972398
0.986897
1.00081
1.01411
1.02676
1.03874
1.05002
1.06058
1.07038
1.07941
1.08764
1.09507
1.10166
1.1074
1.11228
1.11629
1.11942
1.12167
1.12301
1.12346
1.12301
1.12167
1.11942
1.11629
1.11228
1.1074
1.10166
1.09507
1.08764
1.07941
1.07038
1.06058
1.05002
1.03874
1.02676
1.01411
1.00081
0.986897
0.972398
0.957346
0.941773
0.925713
0.909199
0.892265
0.874946
0.857278
0.839294
0.821031
0.802523
0.783804
0.76491
0.745875
0.726732
0.707514
0.688253
0.668981
0.649729
0.630526
0.611402
0.592383
0.573497
0.554769
0.536224
0.517884
0.499772
0.481907
0.46431
0.446997
0.429987
0.413292
0.428956
0.446283
0.463939
0.481907
0.500172
0.518713
0.537512
0.556547
0.575795
0.595233
0.614835
0.634574
0.654424
0.674354
0.694336
0.714339
0.73433
0.754276
0.774145
0.793902
0.813512
0.83294
0.85215
0.871106
0.889771
0.908109
0.926085
0.94366
0.960801
0.97747
0.993633
1.00926
1.0243
1.03875
1.05255
1.06568
1.07812
1.08982
1.10078
1.11095
1.12032
1.12887
1.13657
1.14341
1.14938
1.15444
1.15861
1.16186
1.16418
1.16558
1.16605
1.16558
1.16418
1.16186
1.15861
1.15444
1.14938
1.14341
1.13657
1.12887
1.12032
1.11095
1.10078
1.08982
1.07812
1.06568
1.05255
1.03875
1.0243
1.00926
0.993633
0.97747
0.960801
0.94366
0.926085
0.908109
0.889771
0.871106
0.85215
0.83294
0.813512
0.793902
0.774145
0.754276
0.73433
0.714339
0.694336
0.674354
0.654424
0.634574
0.614835
0.595233
0.575795
0.556547
0.537512
0.518713
0.500172
0.481907
0.463939
0.446283
0.428956
0.444858
0.462827
0.481137
0.499772
0.518713
0.537942
0.557438
0.577179
0.597141
0.617299
0.637627
0.658099
0.678684
0.699354
0.720076
0.74082
0.761553
0.782239
0.802844
0.823334
0.843671
0.863819
0.883742
0.9034
0.922758
0.941776
0.960418
0.978645
0.996421
1.01371
1.03047
1.04667
1.06228
1.07726
1.09157
1.10519
1.11809
1.13023
1.14159
1.15214
1.16186
1.17072
1.17871
1.18581
1.19199
1.19724
1.20156
1.20493
1.20734
1.20879
1.20928
1.20879
1.20734
1.20493
1.20156
1.19724
1.19199
1.18581
1.17871
1.17072
1.16186
1.15214
1.14159
1.13023
1.11809
1.10519
1.09157
1.07726
1.06228
1.04667
1.03047
1.01371
0.996421
0.978645
0.960418
0.941776
0.922758
0.9034
0.883742
0.863819
0.843671
0.823334
0.802844
0.782239
0.761553
0.74082
0.720076
0.699354
0.678684
0.658099
0.637627
0.617299
0.597141
0.577179
0.557438
0.537942
0.518713
0.499772
0.481137
0.462827
0.444858
0.46098
0.479601
0.498574
0.517884
0.537512
0.557438
0.577641
0.598097
0.618782
0.639671
0.660736
0.681949
0.703281
0.7247
0.746174
0.76767
0.789153
0.810589
0.831942
0.853174
0.874249
0.895127
0.915771
0.936143
0.956202
0.975909
0.995227
1.01412
1.03254
1.05045
1.06782
1.08461
1.10078
1.1163
1.13114
1.14525
1.15861
1.17119
1.18297
1.1939
1.20397
1.21316
1.22143
1.22879
1.23519
1.24064
1.24511
1.24861
1.25111
1.25261
1.25311
1.25261
1.25111
1.24861
1.24511
1.24064
1.23519
1.22879
1.22143
1.21316
1.20397
1.1939
1.18297
1.17119
1.15861
1.14525
1.13114
1.1163
1.10078
1.08461
1.06782
1.05045
1.03254
1.01412
0.995227
0.975909
0.956202
0.936143
0.915771
0.895127
0.874249
0.853174
0.831942
0.810589
0.789153
0.76767
0.746174
0.7247
0.703281
0.681949
0.660736
0.639671
0.618782
0.598097
0.577641
0.557438
0.537512
0.517884
0.498574
0.479601
0.46098
0.477305
0.496585
0.51623
0.536224
0.556547
0.577179
0.598097
0.619277
0.640695
0.662324
0.684135
0.7061
0.728187
0.750364
0.772599
0.794856
0.8171
0.839296
0.861405
0.883389
0.90521
0.926828
0.948203
0.969296
0.990066
1.01047
1.03047
1.05003
1.0691
1.08765
1.10564
1.12302
1.13977
1.15584
1.1712
1.18581
1.19965
1.21267
1.22486
1.23618
1.24661
1.25612
1.26469
1.2723
1.27894
1.28458
1.28921
1.29283
1.29541
1.29697
1.29749
1.29697
1.29541
1.29283
1.28921
1.28458
1.27894
1.2723
1.26469
1.25612
1.24661
1.23618
1.22486
1.21267
1.19965
1.18581
1.1712
1.15584
1.13977
1.12302
1.10564
1.08765
1.0691
1.05003
1.03047
1.01047
0.990066
0.969296
0.948203
0.926828
0.90521
0.883389
0.861405
0.839296
0.8171
0.794856
0.772599
0.750364
0.728187
0.7061
0.684135
0.662324
0.640695
0.619277
0.598097
0.577179
0.556547
0.536224
0.51623
0.496585
0.477305
0.493812
0.513759
0.534084
0.554769
0.575795
0.597141
0.618782
0.640695
0.662854
0.685231
0.707796
0.730521
0.753372
0.776316
0.79932
0.822347
0.845361
0.868324
0.891198
0.913942
0.936518
0.958884
0.980999
1.00282
1.02431
1.04542
1.06611
1.08635
1.10608
1.12527
1.14388
1.16186
1.17919
1.19581
1.2117
1.22682
1.24114
1.25462
1.26723
1.27894
1.28973
1.29957
1.30844
1.31631
1.32317
1.32901
1.3338
1.33754
1.34022
1.34183
1.34237
1.34183
1.34022
1.33754
1.3338
1.32901
1.32317
1.31631
1.30844
1.29957
1.28973
1.27894
1.26723
1.25462
1.24114
1.22682
1.2117
1.19581
1.17919
1.16186
1.14388
1.12527
1.10608
1.08635
1.06611
1.04542
1.02431
1.00282
0.980999
0.958884
0.936518
0.913942
0.891198
0.868324
0.845361
0.822347
0.79932
0.776316
0.753372
0.730521
0.707796
0.685231
0.662854
0.640695
0.618782
0.597141
0.575795
0.554769
0.534084
0.513759
0.493812
0.510482
0.531102
0.552113
0.573497
0.595233
0.617299
0.639671
0.662324
0.685231
0.708363
0.73169
0.755182
0.778804
0.802524
0.826304
0.850108
0.873899
0.897638
0.921284
0.944796
0.968134
0.991255
1.01412
1.03668
1.05889
1.08071
1.10211
1.12302
1.14342
1.16326
1.1825
1.20109
1.219
1.23619
1.25261
1.26824
1.28304
1.29697
1.31001
1.32212
1.33327
1.34344
1.35261
1.36075
1.36785
1.37388
1.37883
1.3827
1.38547
1.38713
1.38769
1.38713
1.38547
1.3827
1.37883
1.37388
1.36785
1.36075
1.35261
1.34344
1.33327
1.32212
1.31001
1.29697
1.28304
1.26824
1.25261
1.23619
1.219
1.20109
1.1825
1.16326
1.14342
1.12302
1.10211
1.08071
1.05889
1.03668
1.01412
0.991255
0.968134
0.944796
0.921284
0.897638
0.873899
0.850108
0.826304
0.802524
0.778804
0.755182
0.73169
0.708363
0.685231
0.662324
0.639671
0.617299
0.595233
0.573497
0.552113
0.531102
0.510482
0.527292
0.548592
0.570295
0.592383
0.614835
0.637627
0.660736
0.684135
0.707796
0.73169
0.755786
0.780051
0.804452
0.828952
0.853516
0.878104
0.902679
0.927199
0.951624
0.975911
1.00002
1.0239
1.04751
1.07082
1.09376
1.11631
1.1384
1.16001
1.18108
1.20157
1.22144
1.24065
1.25914
1.2769
1.29387
1.31001
1.3253
1.33969
1.35315
1.36566
1.37718
1.38769
1.39716
1.40557
1.41289
1.41913
1.42424
1.42824
1.4311
1.43282
1.43339
1.43282
1.4311
1.42824
1.42424
1.41913
1.41289
1.40557
1.39716
1.38769
1.37718
1.36566
1.35315
1.33969
1.3253
1.31001
1.29387
1.2769
1.25914
1.24065
1.22144
1.20157
1.18108
1.16001
1.1384
1.11631
1.09376
1.07082
1.04751
1.0239
1.00002
0.975911
0.951624
0.927199
0.902679
0.878104
0.853516
0.828952
0.804452
0.780051
0.755786
0.73169
0.707796
0.684135
0.660736
0.637627
0.614835
0.592383
0.570295
0.548592
0.527292
0.544221
0.566204
0.588604
0.611402
0.634574
0.658099
0.681949
0.7061
0.730521
0.755182
0.780051
0.805096
0.83028
0.855567
0.880919
0.906297
0.931661
0.956968
0.982177
1.00724
1.03212
1.05677
1.08115
1.1052
1.12888
1.15215
1.17495
1.19725
1.219
1.24015
1.26066
1.28048
1.29957
1.3179
1.33541
1.35207
1.36785
1.3827
1.3966
1.40951
1.4214
1.43224
1.44202
1.4507
1.45826
1.46469
1.46997
1.4741
1.47705
1.47882
1.47941
1.47882
1.47705
1.4741
1.46997
1.46469
1.45826
1.4507
1.44202
1.43224
1.4214
1.40951
1.3966
1.3827
1.36785
1.35207
1.33541
1.3179
1.29957
1.28048
1.26066
1.24015
1.219
1.19725
1.17495
1.15215
1.12888
1.1052
1.08115
1.05677
1.03212
1.00724
0.982177
0.956968
0.931661
0.906297
0.880919
0.855567
0.83028
0.805096
0.780051
0.755182
0.730521
0.7061
0.681949
0.658099
0.634574
0.611402
0.588604
0.566204
0.544221
0.561244
0.583915
0.607016
0.630526
0.654424
0.678684
0.703281
0.728187
0.753372
0.778804
0.804452
0.83028
0.856252
0.88233
0.908475
0.934647
0.960804
0.986904
1.0129
1.03875
1.06441
1.08983
1.11497
1.13977
1.16419
1.18819
1.21171
1.23471
1.25713
1.27894
1.30009
1.32054
1.34023
1.35912
1.37718
1.39437
1.41064
1.42596
1.44029
1.4536
1.46586
1.47705
1.48713
1.49608
1.50388
1.51051
1.51596
1.52021
1.52325
1.52508
1.52569
1.52508
1.52325
1.52021
1.51596
1.51051
1.50388
1.49608
1.48713
1.47705
1.46586
1.4536
1.44029
1.42596
1.41064
1.39437
1.37718
1.35912
1.34023
1.32054
1.30009
1.27894
1.25713
1.23471
1.21171
1.18819
1.16419
1.13977
1.11497
1.08983
1.06441
1.03875
1.0129
0.986904
0.960804
0.934647
0.908475
0.88233
0.856252
0.83028
0.804452
0.778804
0.753372
0.728187
0.703281
0.678684
0.654424
0.630526
0.607016
0.583915
0.561244
0.578336
0.601698
0.625502
0.649729
0.674354
0.699354
0.7247
0.750364
0.776316
0.802524
0.828952
0.855567
0.88233
0.909202
0.936144
0.963113
0.990067
1.01696
1.04375
1.07039
1.09683
1.12302
1.14893
1.17448
1.19965
1.22438
1.24861
1.27231
1.29542
1.3179
1.33969
1.36076
1.38105
1.40052
1.41913
1.43684
1.4536
1.46939
1.48416
1.49787
1.51051
1.52204
1.53242
1.54164
1.54968
1.55652
1.56213
1.56651
1.56965
1.57153
1.57216
1.57153
1.56965
1.56651
1.56213
1.55652
1.54968
1.54164
1.53242
1.52204
1.51051
1.49787
1.48416
1.46939
1.4536
1.43684
1.41913
1.40052
1.38105
1.36076
1.33969
1.3179
1.29542
1.27231
1.24861
1.22438
1.19965
1.17448
1.14893
1.12302
1.09683
1.07039
1.04375
1.01696
0.990067
0.963113
0.936144
0.909202
0.88233
0.855567
0.828952
0.802524
0.776316
0.750364
0.7247
0.699354
0.674354
0.649729
0.625502
0.601698
0.578336
0.595473
0.619526
0.644036
0.668981
0.694336
0.720076
0.746174
0.772599
0.79932
0.826304
0.853516
0.880919
0.908475
0.936144
0.963884
0.991652
1.01941
1.0471
1.07468
1.10211
1.12933
1.1563
1.18297
1.20929
1.2352
1.26066
1.28561
1.31001
1.33381
1.35695
1.37939
1.40108
1.42197
1.44202
1.46118
1.47941
1.49668
1.51293
1.52814
1.54226
1.55527
1.56714
1.57783
1.58733
1.5956
1.60264
1.60842
1.61293
1.61616
1.6181
1.61875
1.6181
1.61616
1.61293
1.60842
1.60264
1.5956
1.58733
1.57783
1.56714
1.55527
1.54226
1.52814
1.51293
1.49668
1.47941
1.46118
1.44202
1.42197
1.40108
1.37939
1.35695
1.33381
1.31001
1.28561
1.26066
1.2352
1.20929
1.18297
1.1563
1.12933
1.10211
1.07468
1.0471
1.01941
0.991652
0.963884
0.936144
0.908475
0.880919
0.853516
0.826304
0.79932
0.772599
0.746174
0.720076
0.694336
0.668981
0.644036
0.619526
0.595473
0.612626
0.637373
0.66259
0.688253
0.714339
0.74082
0.76767
0.794856
0.822347
0.850108
0.878104
0.906297
0.934647
0.963113
0.991652
1.02022
1.04877
1.07726
1.10564
1.13386
1.16187
1.18962
1.21705
1.24413
1.27079
1.29698
1.32265
1.34775
1.37224
1.39604
1.41913
1.44144
1.46294
1.48356
1.50328
1.52204
1.5398
1.55652
1.57216
1.58669
1.60008
1.61229
1.62329
1.63306
1.64157
1.64881
1.65476
1.6594
1.66272
1.66472
1.66539
1.66472
1.66272
1.6594
1.65476
1.64881
1.64157
1.63306
1.62329
1.61229
1.60008
1.58669
1.57216
1.55652
1.5398
1.52204
1.50328
1.48356
1.46294
1.44144
1.41913
1.39604
1.37224
1.34775
1.32265
1.29698
1.27079
1.24413
1.21705
1.18962
1.16187
1.13386
1.10564
1.07726
1.04877
1.02022
0.991652
0.963113
0.934647
0.906297
0.878104
0.850108
0.822347
0.794856
0.76767
0.74082
0.714339
0.688253
0.66259
0.637373
0.612626
0.62977
0.65521
0.681132
0.707514
0.73433
0.761553
0.789153
0.8171
0.845361
0.873899
0.902679
0.931661
0.960804
0.990067
1.01941
1.04877
1.07812
1.10741
1.13658
1.16559
1.19438
1.22291
1.25111
1.27895
1.30635
1.33328
1.35967
1.38547
1.41064
1.43511
1.45885
1.48178
1.50388
1.52508
1.54535
1.56463
1.58289
1.60008
1.61616
1.6311
1.64486
1.65741
1.66872
1.67876
1.68752
1.69496
1.70107
1.70584
1.70926
1.71131
1.712
1.71131
1.70926
1.70584
1.70107
1.69496
1.68752
1.67876
1.66872
1.65741
1.64486
1.6311
1.61616
1.60008
1.58289
1.56463
1.54535
1.52508
1.50388
1.48178
1.45885
1.43511
1.41064
1.38547
1.35967
1.33328
1.30635
1.27895
1.25111
1.22291
1.19438
1.16559
1.13658
1.10741
1.07812
1.04877
1.01941
0.990067
0.960804
0.931661
0.902679
0.873899
0.845361
0.8171
0.789153
0.761553
0.73433
0.707514
0.681132
0.65521
0.62977
0.646876
0.673007
0.699633
0.726732
0.754276
0.782239
0.810589
0.839296
0.868324
0.897638
0.927199
0.956968
0.986904
1.01696
1.0471
1.07726
1.10741
1.13749
1.16746
1.19725
1.22683
1.25613
1.2851
1.31369
1.34184
1.36949
1.3966
1.42311
1.44896
1.4741
1.49848
1.52204
1.54473
1.56651
1.58733
1.60714
1.62589
1.64355
1.66007
1.67541
1.68954
1.70243
1.71405
1.72437
1.73336
1.741
1.74728
1.75218
1.75569
1.7578
1.7585
1.7578
1.75569
1.75218
1.74728
1.741
1.73336
1.72437
1.71405
1.70243
1.68954
1.67541
1.66007
1.64355
1.62589
1.60714
1.58733
1.56651
1.54473
1.52204
1.49848
1.4741
1.44896
1.42311
1.3966
1.36949
1.34184
1.31369
1.2851
1.25613
1.22683
1.19725
1.16746
1.13749
1.10741
1.07726
1.0471
1.01696
0.986904
0.956968
0.927199
0.897638
0.868324
0.839296
0.810589
0.782239
0.754276
0.726732
0.699633
0.673007
0.646876
0.663916
0.690735
0.718063
0.745875
0.774145
0.802844
0.831942
0.861405
0.891198
0.921284
0.951624
0.982177
1.0129
1.04375
1.07468
1.10564
1.13658
1.16746
1.19821
1.22879
1.25915
1.28922
1.31895
1.34829
1.37719
1.40557
1.43339
1.4606
1.48713
1.51293
1.53795
1.56213
1.58543
1.60778
1.62915
1.64947
1.66872
1.68684
1.7038
1.71955
1.73405
1.74728
1.75921
1.76979
1.77902
1.78687
1.79331
1.79834
1.80194
1.80411
1.80483
1.80411
1.80194
1.79834
1.79331
1.78687
1.77902
1.76979
1.75921
1.74728
1.73405
1.71955
1.7038
1.68684
1.66872
1.64947
1.62915
1.60778
1.58543
1.56213
1.53795
1.51293
1.48713
1.4606
1.43339
1.40557
1.37719
1.34829
1.31895
1.28922
1.25915
1.22879
1.19821
1.16746
1.13658
1.10564
1.07468
1.04375
1.0129
0.982177
0.951624
0.921284
0.891198
0.861405
0.831942
0.802844
0.774145
0.745875
0.718063
0.690735
0.663916
0.680859
0.708363
0.736388
0.76491
0.793902
0.823334
0.853174
0.883389
0.913942
0.944796
0.975911
1.00724
1.03875
1.07039
1.10211
1.13386
1.16559
1.19725
1.22879
1.26015
1.29128
1.32212
1.35262
1.38271
1.41233
1.44144
1.46998
1.49788
1.52509
1.55155
1.5772
1.602
1.62589
1.64882
1.67073
1.69157
1.71131
1.7299
1.74728
1.76343
1.77831
1.79188
1.80411
1.81496
1.82443
1.83247
1.83908
1.84424
1.84793
1.85015
1.85089
1.85015
1.84793
1.84424
1.83908
1.83247
1.82443
1.81496
1.80411
1.79188
1.77831
1.76343
1.74728
1.7299
1.71131
1.69157
1.67073
1.64882
1.62589
1.602
1.5772
1.55155
1.52509
1.49788
1.46998
1.44144
1.41233
1.38271
1.35262
1.32212
1.29128
1.26015
1.22879
1.19725
1.16559
1.13386
1.10211
1.07039
1.03875
1.00724
0.975911
0.944796
0.913942
0.883389
0.853174
0.823334
0.793902
0.76491
0.736388
0.708363
0.680859
0.697676
0.72586
0.754577
0.783804
0.813512
0.843671
0.874249
0.90521
0.936518
0.968134
1.00002
1.03212
1.06441
1.09683
1.12933
1.16187
1.19438
1.22683
1.25915
1.29128
1.32318
1.35478
1.38603
1.41686
1.44722
1.47705
1.50629
1.53488
1.56276
1.58987
1.61616
1.64158
1.66605
1.68954
1.712
1.73336
1.75359
1.77263
1.79045
1.80699
1.82224
1.83614
1.84867
1.8598
1.86949
1.87774
1.88451
1.8898
1.89358
1.89585
1.89661
1.89585
1.89358
1.8898
1.88451
1.87774
1.86949
1.8598
1.84867
1.83614
1.82224
1.80699
1.79045
1.77263
1.75359
1.73336
1.712
1.68954
1.66605
1.64158
1.61616
1.58987
1.56276
1.53488
1.50629
1.47705
1.44722
1.41686
1.38603
1.35478
1.32318
1.29128
1.25915
1.22683
1.19438
1.16187
1.12933
1.09683
1.06441
1.03212
1.00002
0.968134
0.936518
0.90521
0.874249
0.843671
0.813512
0.783804
0.754577
0.72586
0.697676
0.714337
0.743194
0.772598
0.802523
0.83294
0.863819
0.895127
0.926828
0.958884
0.991255
1.0239
1.05677
1.08983
1.12302
1.1563
1.18962
1.22291
1.25613
1.28922
1.32212
1.35478
1.38714
1.41913
1.4507
1.48179
1.51233
1.54226
1.57153
1.60008
1.62784
1.65476
1.68078
1.70584
1.7299
1.75288
1.77476
1.79547
1.81496
1.83321
1.85015
1.86576
1.87999
1.89282
1.90422
1.91414
1.92259
1.92952
1.93493
1.9388
1.94113
1.94191
1.94113
1.9388
1.93493
1.92952
1.92259
1.91414
1.90422
1.89282
1.87999
1.86576
1.85015
1.83321
1.81496
1.79547
1.77476
1.75288
1.7299
1.70584
1.68078
1.65476
1.62784
1.60008
1.57153
1.54226
1.51233
1.48179
1.4507
1.41913
1.38714
1.35478
1.32212
1.28922
1.25613
1.22291
1.18962
1.1563
1.12302
1.08983
1.05677
1.0239
0.991255
0.958884
0.926828
0.895127
0.863819
0.83294
0.802523
0.772598
0.743194
0.714337
0.730811
0.760333
0.790415
0.821031
0.85215
0.883742
0.915771
0.948203
0.980999
1.01412
1.04751
1.08115
1.11497
1.14893
1.18297
1.21705
1.25111
1.2851
1.31895
1.35262
1.38603
1.41913
1.45186
1.48416
1.51596
1.54721
1.57783
1.60778
1.63699
1.66539
1.69293
1.71955
1.74519
1.76979
1.79331
1.81569
1.83688
1.85682
1.87549
1.89282
1.90879
1.92335
1.93648
1.94813
1.95829
1.96693
1.97402
1.97956
1.98352
1.9859
1.9867
1.9859
1.98352
1.97956
1.97402
1.96693
1.95829
1.94813
1.93648
1.92335
1.90879
1.89282
1.87549
1.85682
1.83688
1.81569
1.79331
1.76979
1.74519
1.71955
1.69293
1.66539
1.63699
1.60778
1.57783
1.54721
1.51596
1.48416
1.45186
1.41913
1.38603
1.35262
1.31895
1.2851
1.25111
1.21705
1.18297
1.14893
1.11497
1.08115
1.04751
1.01412
0.980999
0.948203
0.915771
0.883742
0.85215
0.821031
0.790415
0.760333
0.730811
0.747067
0.777246
0.807998
0.839294
0.871106
0.9034
0.936143
0.969296
1.00282
1.03668
1.07082
1.1052
1.13977
1.17448
1.20929
1.24413
1.27895
1.31369
1.34829
1.38271
1.41686
1.4507
1.48416
1.51717
1.54968
1.58163
1.61293
1.64355
1.6734
1.70244
1.73059
1.7578
1.78401
1.80917
1.83321
1.85608
1.87774
1.89813
1.91721
1.93493
1.95125
1.96614
1.97956
1.99147
2.00186
2.01068
2.01794
2.0236
2.02765
2.03008
2.03089
2.03008
2.02765
2.0236
2.01794
2.01068
2.00186
1.99147
1.97956
1.96614
1.95125
1.93493
1.91721
1.89813
1.87774
1.85608
1.83321
1.80917
1.78401
1.7578
1.73059
1.70244
1.6734
1.64355
1.61293
1.58163
1.54968
1.51717
1.48416
1.4507
1.41686
1.38271
1.34829
1.31369
1.27895
1.24413
1.20929
1.17448
1.13977
1.1052
1.07082
1.03668
1.00282
0.969296
0.936143
0.9034
0.871106
0.839294
0.807998
0.777246
0.747067
0.763074
0.7939
0.82531
0.857278
0.889771
0.922758
0.956202
0.990066
1.02431
1.05889
1.09376
1.12888
1.16419
1.19965
1.2352
1.27079
1.30635
1.34184
1.37719
1.41233
1.44722
1.48179
1.51596
1.54968
1.58289
1.61552
1.6475
1.67877
1.70926
1.73892
1.76767
1.79547
1.82224
1.84793
1.87249
1.89585
1.91798
1.93881
1.95829
1.97639
1.99307
2.00827
2.02198
2.03415
2.04475
2.05377
2.06118
2.06696
2.0711
2.07358
2.07441
2.07358
2.0711
2.06696
2.06118
2.05377
2.04475
2.03415
2.02198
2.00827
1.99307
1.97639
1.95829
1.93881
1.91798
1.89585
1.87249
1.84793
1.82224
1.79547
1.76767
1.73892
1.70926
1.67877
1.6475
1.61552
1.58289
1.54968
1.51596
1.48179
1.44722
1.41233
1.37719
1.34184
1.30635
1.27079
1.2352
1.19965
1.16419
1.12888
1.09376
1.05889
1.02431
0.990066
0.956202
0.922758
0.889771
0.857278
0.82531
0.7939
0.763074
0.778801
0.810262
0.84232
0.874946
0.908109
0.941776
0.975909
1.01047
1.04542
1.08071
1.11631
1.15215
1.18819
1.22438
1.26066
1.29698
1.33328
1.36949
1.40557
1.44144
1.47705
1.51233
1.54721
1.58163
1.61552
1.64882
1.68145
1.71337
1.74449
1.77476
1.80411
1.83247
1.8598
1.88602
1.91108
1.93493
1.95751
1.97877
1.99866
2.01713
2.03415
2.04967
2.06365
2.07607
2.0869
2.0961
2.10366
2.10956
2.11378
2.11632
2.11717
2.11632
2.11378
2.10956
2.10366
2.0961
2.0869
2.07607
2.06365
2.04967
2.03415
2.01713
1.99866
1.97877
1.95751
1.93493
1.91108
1.88602
1.8598
1.83247
1.80411
1.77476
1.74449
1.71337
1.68145
1.64882
1.61552
1.58163
1.54721
1.51233
1.47705
1.44144
1.40557
1.36949
1.33328
1.29698
1.26066
1.22438
1.18819
1.15215
1.11631
1.08071
1.04542
1.01047
0.975909
0.941776
0.908109
0.874946
0.84232
0.810262
0.778801
0.794216
0.8263
0.858993
0.892265
0.926085
0.960418
0.995227
1.03047
1.06611
1.10211
1.1384
1.17495
1.21171
1.24861
1.28561
1.32265
1.35967
1.3966
1.43339
1.46998
1.50629
1.54226
1.57783
1.61293
1.6475
1.68145
1.71474
1.74728
1.77902
1.80989
1.83982
1.86875
1.89661
1.92336
1.94891
1.97323
1.99626
2.01794
2.03822
2.05706
2.07441
2.09024
2.1045
2.11717
2.12821
2.13759
2.1453
2.15132
2.15563
2.15822
2.15908
2.15822
2.15563
2.15132
2.1453
2.13759
2.12821
2.11717
2.1045
2.09024
2.07441
2.05706
2.03822
2.01794
1.99626
1.97323
1.94891
1.92336
1.89661
1.86875
1.83982
1.80989
1.77902
1.74728
1.71474
1.68145
1.6475
1.61293
1.57783
1.54226
1.50629
1.46998
1.43339
1.3966
1.35967
1.32265
1.28561
1.24861
1.21171
1.17495
1.1384
1.10211
1.06611
1.03047
0.995227
0.960418
0.926085
0.892265
0.858993
0.8263
0.794216
0.809288
0.841981
0.875295
0.909199
0.94366
0.978645
1.01412
1.05003
1.08635
1.12302
1.16001
1.19725
1.23471
1.27231
1.31001
1.34775
1.38547
1.42311
1.4606
1.49788
1.53488
1.57153
1.60778
1.64355
1.67877
1.71337
1.74728
1.78045
1.81279
1.84424
1.87474
1.90422
1.93261
1.95986
1.9859
2.01068
2.03415
2.05624
2.0769
2.0961
2.11378
2.12991
2.14445
2.15735
2.1686
2.17817
2.18602
2.19215
2.19654
2.19918
2.20006
2.19918
2.19654
2.19215
2.18602
2.17817
2.1686
2.15735
2.14445
2.12991
2.11378
2.0961
2.0769
2.05624
2.03415
2.01068
1.9859
1.95986
1.93261
1.90422
1.87474
1.84424
1.81279
1.78045
1.74728
1.71337
1.67877
1.64355
1.60778
1.57153
1.53488
1.49788
1.4606
1.42311
1.38547
1.34775
1.31001
1.27231
1.23471
1.19725
1.16001
1.12302
1.08635
1.05003
1.01412
0.978645
0.94366
0.909199
0.875295
0.841981
0.809288
0.823987
0.857275
0.891193
0.925713
0.960801
0.996421
1.03254
1.0691
1.10608
1.14342
1.18108
1.219
1.25713
1.29542
1.33381
1.37224
1.41064
1.44896
1.48713
1.52509
1.56276
1.60008
1.63699
1.6734
1.70926
1.74449
1.77902
1.81279
1.84572
1.87774
1.90879
1.93881
1.96772
1.99546
2.02198
2.04721
2.0711
2.09359
2.11463
2.13418
2.15218
2.1686
2.1834
2.19654
2.20799
2.21773
2.22573
2.23197
2.23644
2.23913
2.24002
2.23913
2.23644
2.23197
2.22573
2.21773
2.20799
2.19654
2.1834
2.1686
2.15218
2.13418
2.11463
2.09359
2.0711
2.04721
2.02198
1.99546
1.96772
1.93881
1.90879
1.87774
1.84572
1.81279
1.77902
1.74449
1.70926
1.6734
1.63699
1.60008
1.56276
1.52509
1.48713
1.44896
1.41064
1.37224
1.33381
1.29542
1.25713
1.219
1.18108
1.14342
1.10608
1.0691
1.03254
0.996421
0.960801
0.925713
0.891193
0.857275
0.823987
0.838283
0.872147
0.906655
0.941773
0.97747
1.01371
1.05045
1.08765
1.12527
1.16326
1.20157
1.24015
1.27894
1.3179
1.35695
1.39604
1.43511
1.4741
1.51293
1.55155
1.58987
1.62784
1.66539
1.70244
1.73892
1.77476
1.80989
1.84424
1.87774
1.91032
1.94191
1.97244
2.00186
2.03008
2.05706
2.08273
2.10703
2.12991
2.15132
2.17121
2.18952
2.20623
2.22128
2.23465
2.2463
2.25621
2.26435
2.2707
2.27524
2.27798
2.27889
2.27798
2.27524
2.2707
2.26435
2.25621
2.2463
2.23465
2.22128
2.20623
2.18952
2.17121
2.15132
2.12991
2.10703
2.08273
2.05706
2.03008
2.00186
1.97244
1.94191
1.91032
1.87774
1.84424
1.80989
1.77476
1.73892
1.70244
1.66539
1.62784
1.58987
1.55155
1.51293
1.4741
1.43511
1.39604
1.35695
1.3179
1.27894
1.24015
1.20157
1.16326
1.12527
1.08765
1.05045
1.01371
0.97747
0.941773
0.906655
0.872147
0.838283
0.852144
0.886569
0.921647
0.957346
0.993633
1.03047
1.06782
1.10564
1.14388
1.1825
1.22144
1.26066
1.30009
1.33969
1.37939
1.41913
1.45885
1.49848
1.53795
1.5772
1.61616
1.65476
1.69293
1.73059
1.76767
1.80411
1.83982
1.87474
1.90879
1.94191
1.97402
2.00506
2.03496
2.06365
2.09108
2.11717
2.14187
2.16513
2.1869
2.20711
2.22573
2.24271
2.25802
2.27161
2.28345
2.29352
2.30179
2.30825
2.31287
2.31565
2.31657
2.31565
2.31287
2.30825
2.30179
2.29352
2.28345
2.27161
2.25802
2.24271
2.22573
2.20711
2.1869
2.16513
2.14187
2.11717
2.09108
2.06365
2.03496
2.00506
1.97402
1.94191
1.90879
1.87474
1.83982
1.80411
1.76767
1.73059
1.69293
1.65476
1.61616
1.5772
1.53795
1.49848
1.45885
1.41913
1.37939
1.33969
1.30009
1.26066
1.22144
1.1825
1.14388
1.10564
1.06782
1.03047
0.993633
0.957346
0.921647
0.886569
0.852144
0.865541
0.900508
0.936137
0.972398
1.00926
1.04667
1.08461
1.12302
1.16186
1.20109
1.24065
1.28048
1.32054
1.36076
1.40108
1.44144
1.48178
1.52204
1.56213
1.602
1.64158
1.68078
1.71955
1.7578
1.79547
1.83247
1.86875
1.90422
1.93881
1.97244
2.00506
2.03659
2.06696
2.0961
2.12396
2.15046
2.17555
2.19918
2.22128
2.24181
2.26073
2.27798
2.29352
2.30732
2.31935
2.32958
2.33799
2.34454
2.34924
2.35206
2.353
2.35206
2.34924
2.34454
2.33799
2.32958
2.31935
2.30732
2.29352
2.27798
2.26073
2.24181
2.22128
2.19918
2.17555
2.15046
2.12396
2.0961
2.06696
2.03659
2.00506
1.97244
1.93881
1.90422
1.86875
1.83247
1.79547
1.7578
1.71955
1.68078
1.64158
1.602
1.56213
1.52204
1.48178
1.44144
1.40108
1.36076
1.32054
1.28048
1.24065
1.20109
1.16186
1.12302
1.08461
1.04667
1.00926
0.972398
0.936137
0.900508
0.865541
0.878447
0.913935
0.950095
0.986897
1.0243
1.06228
1.10078
1.13977
1.17919
1.219
1.25914
1.29957
1.34023
1.38105
1.42197
1.46294
1.50388
1.54473
1.58543
1.62589
1.66605
1.70584
1.74519
1.78401
1.82224
1.8598
1.89661
1.93261
1.96772
2.00186
2.03496
2.06696
2.09778
2.12736
2.15563
2.18253
2.20799
2.23197
2.25441
2.27524
2.29444
2.31194
2.32772
2.34173
2.35394
2.36432
2.37285
2.3795
2.38427
2.38713
2.38808
2.38713
2.38427
2.3795
2.37285
2.36432
2.35394
2.34173
2.32772
2.31194
2.29444
2.27524
2.25441
2.23197
2.20799
2.18253
2.15563
2.12736
2.09778
2.06696
2.03496
2.00186
1.96772
1.93261
1.89661
1.8598
1.82224
1.78401
1.74519
1.70584
1.66605
1.62589
1.58543
1.54473
1.50388
1.46294
1.42197
1.38105
1.34023
1.29957
1.25914
1.219
1.17919
1.13977
1.10078
1.06228
1.0243
0.986897
0.950095
0.913935
0.878447
0.890831
0.92682
0.963491
1.00081
1.03875
1.07726
1.1163
1.15584
1.19581
1.23619
1.2769
1.3179
1.35912
1.40052
1.44202
1.48356
1.52508
1.56651
1.60778
1.64882
1.68954
1.7299
1.76979
1.80917
1.84793
1.88602
1.92336
1.95986
1.99546
2.03008
2.06365
2.0961
2.12736
2.15735
2.18602
2.2133
2.23913
2.26344
2.28619
2.30732
2.32679
2.34454
2.36054
2.37475
2.38713
2.39766
2.4063
2.41305
2.41788
2.42079
2.42176
2.42079
2.41788
2.41305
2.4063
2.39766
2.38713
2.37475
2.36054
2.34454
2.32679
2.30732
2.28619
2.26344
2.23913
2.2133
2.18602
2.15735
2.12736
2.0961
2.06365
2.03008
1.99546
1.95986
1.92336
1.88602
1.84793
1.80917
1.76979
1.7299
1.68954
1.64882
1.60778
1.56651
1.52508
1.48356
1.44202
1.40052
1.35912
1.3179
1.2769
1.23619
1.19581
1.15584
1.1163
1.07726
1.03875
1.00081
0.963491
0.92682
0.890831
0.902668
0.939135
0.976293
1.01411
1.05255
1.09157
1.13114
1.1712
1.2117
1.25261
1.29387
1.33541
1.37718
1.41913
1.46118
1.50328
1.54535
1.58733
1.62915
1.67073
1.712
1.75288
1.79331
1.83321
1.87249
1.91108
1.94891
1.9859
2.02198
2.05706
2.09108
2.12396
2.15563
2.18602
2.21507
2.24271
2.26888
2.29352
2.31657
2.33799
2.35771
2.3757
2.39191
2.4063
2.41885
2.42952
2.43828
2.44512
2.45001
2.45296
2.45394
2.45296
2.45001
2.44512
2.43828
2.42952
2.41885
2.4063
2.39191
2.3757
2.35771
2.33799
2.31657
2.29352
2.26888
2.24271
2.21507
2.18602
2.15563
2.12396
2.09108
2.05706
2.02198
1.9859
1.94891
1.91108
1.87249
1.83321
1.79331
1.75288
1.712
1.67073
1.62915
1.58733
1.54535
1.50328
1.46118
1.41913
1.37718
1.33541
1.29387
1.25261
1.2117
1.1712
1.13114
1.09157
1.05255
1.01411
0.976293
0.939135
0.902668
0.913931
0.950853
0.988475
1.02676
1.06568
1.10519
1.14525
1.18581
1.22682
1.26824
1.31001
1.35207
1.39437
1.43684
1.47941
1.52204
1.56463
1.60714
1.64947
1.69157
1.73336
1.77476
1.81569
1.85608
1.89585
1.93493
1.97323
2.01068
2.04721
2.08273
2.11717
2.15046
2.18253
2.2133
2.24271
2.2707
2.29719
2.32214
2.34548
2.36716
2.38713
2.40534
2.42176
2.43633
2.44903
2.45984
2.46871
2.47563
2.48059
2.48357
2.48456
2.48357
2.48059
2.47563
2.46871
2.45984
2.44903
2.43633
2.42176
2.40534
2.38713
2.36716
2.34548
2.32214
2.29719
2.2707
2.24271
2.2133
2.18253
2.15046
2.11717
2.08273
2.04721
2.01068
1.97323
1.93493
1.89585
1.85608
1.81569
1.77476
1.73336
1.69157
1.64947
1.60714
1.56463
1.52204
1.47941
1.43684
1.39437
1.35207
1.31001
1.26824
1.22682
1.18581
1.14525
1.10519
1.06568
1.02676
0.988475
0.950853
0.913931
0.924595
0.961947
1.00001
1.03874
1.07812
1.11809
1.15861
1.19965
1.24114
1.28304
1.3253
1.36785
1.41064
1.4536
1.49668
1.5398
1.58289
1.62589
1.66872
1.71131
1.75359
1.79547
1.83688
1.87774
1.91798
1.95751
1.99626
2.03415
2.0711
2.10703
2.14187
2.17555
2.20799
2.23913
2.26888
2.29719
2.324
2.34924
2.37285
2.39478
2.41498
2.43341
2.45001
2.46476
2.47761
2.48854
2.49751
2.50452
2.50953
2.51255
2.51355
2.51255
2.50953
2.50452
2.49751
2.48854
2.47761
2.46476
2.45001
2.43341
2.41498
2.39478
2.37285
2.34924
2.324
2.29719
2.26888
2.23913
2.20799
2.17555
2.14187
2.10703
2.0711
2.03415
1.99626
1.95751
1.91798
1.87774
1.83688
1.79547
1.75359
1.71131
1.66872
1.62589
1.58289
1.5398
1.49668
1.4536
1.41064
1.36785
1.3253
1.28304
1.24114
1.19965
1.15861
1.11809
1.07812
1.03874
1.00001
0.961947
0.924595
0.934634
0.972393
1.01087
1.05002
1.08982
1.13023
1.17119
1.21267
1.25462
1.29697
1.33969
1.3827
1.42596
1.46939
1.51293
1.55652
1.60008
1.64355
1.68684
1.7299
1.77263
1.81496
1.85682
1.89813
1.93881
1.97877
2.01794
2.05624
2.09359
2.12991
2.16513
2.19918
2.23197
2.26344
2.29352
2.32214
2.34924
2.37475
2.39862
2.42079
2.44121
2.45984
2.47662
2.49153
2.50452
2.51556
2.52464
2.53172
2.53678
2.53983
2.54085
2.53983
2.53678
2.53172
2.52464
2.51556
2.50452
2.49153
2.47662
2.45984
2.44121
2.42079
2.39862
2.37475
2.34924
2.32214
2.29352
2.26344
2.23197
2.19918
2.16513
2.12991
2.09359
2.05624
2.01794
1.97877
1.93881
1.89813
1.85682
1.81496
1.77263
1.7299
1.68684
1.64355
1.60008
1.55652
1.51293
1.46939
1.42596
1.3827
1.33969
1.29697
1.25462
1.21267
1.17119
1.13023
1.08982
1.05002
1.01087
0.972393
0.934634
0.944027
0.982165
1.02103
1.06058
1.10078
1.14159
1.18297
1.22486
1.26723
1.31001
1.35315
1.3966
1.44029
1.48416
1.52814
1.57216
1.61616
1.66007
1.7038
1.74728
1.79045
1.83321
1.87549
1.91721
1.95829
1.99866
2.03822
2.0769
2.11463
2.15132
2.1869
2.22128
2.25441
2.28619
2.31657
2.34548
2.37285
2.39862
2.42273
2.44512
2.46575
2.48456
2.50151
2.51657
2.52969
2.54085
2.55001
2.55716
2.56228
2.56536
2.56639
2.56536
2.56228
2.55716
2.55001
2.54085
2.52969
2.51657
2.50151
2.48456
2.46575
2.44512
2.42273
2.39862
2.37285
2.34548
2.31657
2.28619
2.25441
2.22128
2.1869
2.15132
2.11463
2.0769
2.03822
1.99866
1.95829
1.91721
1.87549
1.83321
1.79045
1.74728
1.7038
1.66007
1.61616
1.57216
1.52814
1.48416
1.44029
1.3966
1.35315
1.31001
1.26723
1.22486
1.18297
1.14159
1.10078
1.06058
1.02103
0.982165
0.944027
0.952753
0.991243
1.03046
1.07038
1.11095
1.15214
1.1939
1.23618
1.27894
1.32212
1.36566
1.40951
1.4536
1.49787
1.54226
1.58669
1.6311
1.67541
1.71955
1.76343
1.80699
1.85015
1.89282
1.93493
1.97639
2.01713
2.05706
2.0961
2.13418
2.17121
2.20711
2.24181
2.27524
2.30732
2.33799
2.36716
2.39478
2.42079
2.44512
2.46772
2.48854
2.50753
2.52464
2.53983
2.55307
2.56433
2.57358
2.5808
2.58597
2.58907
2.59011
2.58907
2.58597
2.5808
2.57358
2.56433
2.55307
2.53983
2.52464
2.50753
2.48854
2.46772
2.44512
2.42079
2.39478
2.36716
2.33799
2.30732
2.27524
2.24181
2.20711
2.17121
2.13418
2.0961
2.05706
2.01713
1.97639
1.93493
1.89282
1.85015
1.80699
1.76343
1.71955
1.67541
1.6311
1.58669
1.54226
1.49787
1.4536
1.40951
1.36566
1.32212
1.27894
1.23618
1.1939
1.15214
1.11095
1.07038
1.03046
0.991243
0.952753
0.960789
0.999605
1.03916
1.07941
1.12032
1.16186
1.20397
1.24661
1.28973
1.33327
1.37718
1.4214
1.46586
1.51051
1.55527
1.60008
1.64486
1.68954
1.73405
1.77831
1.82224
1.86576
1.90879
1.95125
1.99307
2.03415
2.07441
2.11378
2.15218
2.18952
2.22573
2.26073
2.29444
2.32679
2.35771
2.38713
2.41498
2.44121
2.46575
2.48854
2.50953
2.52868
2.54593
2.56126
2.57461
2.58597
2.59529
2.60257
2.60778
2.61091
2.61196
2.61091
2.60778
2.60257
2.59529
2.58597
2.57461
2.56126
2.54593
2.52868
2.50953
2.48854
2.46575
2.44121
2.41498
2.38713
2.35771
2.32679
2.29444
2.26073
2.22573
2.18952
2.15218
2.11378
2.07441
2.03415
1.99307
1.95125
1.90879
1.86576
1.82224
1.77831
1.73405
1.68954
1.64486
1.60008
1.55527
1.51051
1.46586
1.4214
1.37718
1.33327
1.28973
1.24661
1.20397
1.16186
1.12032
1.07941
1.03916
0.999605
0.960789
0.968119
1.00723
1.04708
1.08764
1.12887
1.17072
1.21316
1.25612
1.29957
1.34344
1.38769
1.43224
1.47705
1.52204
1.56714
1.61229
1.65741
1.70243
1.74728
1.79188
1.83614
1.87999
1.92335
1.96614
2.00827
2.04967
2.09024
2.12991
2.1686
2.20623
2.24271
2.27798
2.31194
2.34454
2.3757
2.40534
2.43341
2.45984
2.48456
2.50753
2.52868
2.54797
2.56536
2.5808
2.59426
2.6057
2.61509
2.62243
2.62768
2.63083
2.63189
2.63083
2.62768
2.62243
2.61509
2.6057
2.59426
2.5808
2.56536
2.54797
2.52868
2.50753
2.48456
2.45984
2.43341
2.40534
2.3757
2.34454
2.31194
2.27798
2.24271
2.20623
2.1686
2.12991
2.09024
2.04967
2.00827
1.96614
1.92335
1.87999
1.83614
1.79188
1.74728
1.70243
1.65741
1.61229
1.56714
1.52204
1.47705
1.43224
1.38769
1.34344
1.29957
1.25612
1.21316
1.17072
1.12887
1.08764
1.04708
1.00723
0.968119
0.974725
1.0141
1.05423
1.09507
1.13657
1.17871
1.22143
1.26469
1.30844
1.35261
1.39716
1.44202
1.48713
1.53242
1.57783
1.62329
1.66872
1.71405
1.75921
1.80411
1.84867
1.89282
1.93648
1.97956
2.02198
2.06365
2.1045
2.14445
2.1834
2.22128
2.25802
2.29352
2.32772
2.36054
2.39191
2.42176
2.45001
2.47662
2.50151
2.52464
2.54593
2.56536
2.58286
2.59841
2.61196
2.62348
2.63294
2.64032
2.64561
2.64879
2.64985
2.64879
2.64561
2.64032
2.63294
2.62348
2.61196
2.59841
2.58286
2.56536
2.54593
2.52464
2.50151
2.47662
2.45001
2.42176
2.39191
2.36054
2.32772
2.29352
2.25802
2.22128
2.1834
2.14445
2.1045
2.06365
2.02198
1.97956
1.93648
1.89282
1.84867
1.80411
1.75921
1.71405
1.66872
1.62329
1.57783
1.53242
1.48713
1.44202
1.39716
1.35261
1.30844
1.26469
1.22143
1.17871
1.13657
1.09507
1.05423
1.0141
0.974725
0.980591
1.02021
1.06057
1.10166
1.14341
1.18581
1.22879
1.2723
1.31631
1.36075
1.40557
1.4507
1.49608
1.54164
1.58733
1.63306
1.67876
1.72437
1.76979
1.81496
1.8598
1.90422
1.94813
1.99147
2.03415
2.07607
2.11717
2.15735
2.19654
2.23465
2.27161
2.30732
2.34173
2.37475
2.4063
2.43633
2.46476
2.49153
2.51657
2.53983
2.56126
2.5808
2.59841
2.61405
2.62768
2.63927
2.64879
2.65621
2.66153
2.66473
2.66579
2.66473
2.66153
2.65621
2.64879
2.63927
2.62768
2.61405
2.59841
2.5808
2.56126
2.53983
2.51657
2.49153
2.46476
2.43633
2.4063
2.37475
2.34173
2.30732
2.27161
2.23465
2.19654
2.15735
2.11717
2.07607
2.03415
1.99147
1.94813
1.90422
1.8598
1.81496
1.76979
1.72437
1.67876
1.63306
1.58733
1.54164
1.49608
1.4507
1.40557
1.36075
1.31631
1.2723
1.22879
1.18581
1.14341
1.10166
1.06057
1.02021
0.980591
0.985703
1.02553
1.0661
1.1074
1.14938
1.19199
1.23519
1.27894
1.32317
1.36785
1.41289
1.45826
1.50388
1.54968
1.5956
1.64157
1.68752
1.73336
1.77902
1.82443
1.86949
1.91414
1.95829
2.00186
2.04475
2.0869
2.12821
2.1686
2.20799
2.2463
2.28345
2.31935
2.35394
2.38713
2.41885
2.44903
2.47761
2.50452
2.52969
2.55307
2.57461
2.59426
2.61196
2.62768
2.64138
2.65303
2.6626
2.67006
2.67541
2.67862
2.67969
2.67862
2.67541
2.67006
2.6626
2.65303
2.64138
2.62768
2.61196
2.59426
2.57461
2.55307
2.52969
2.50452
2.47761
2.44903
2.41885
2.38713
2.35394
2.31935
2.28345
2.2463
2.20799
2.1686
2.12821
2.0869
2.04475
2.00186
1.95829
1.91414
1.86949
1.82443
1.77902
1.73336
1.68752
1.64157
1.5956
1.54968
1.50388
1.45826
1.41289
1.36785
1.32317
1.27894
1.23519
1.19199
1.14938
1.1074
1.0661
1.02553
0.985703
0.99005
1.03005
1.0708
1.11228
1.15444
1.19724
1.24064
1.28458
1.32901
1.37388
1.41913
1.46469
1.51051
1.55652
1.60264
1.64881
1.69496
1.741
1.78687
1.83247
1.87774
1.92259
1.96693
2.01068
2.05377
2.0961
2.13759
2.17817
2.21773
2.25621
2.29352
2.32958
2.36432
2.39766
2.42952
2.45984
2.48854
2.51556
2.54085
2.56433
2.58597
2.6057
2.62348
2.63927
2.65303
2.66473
2.67434
2.68184
2.68721
2.69044
2.69151
2.69044
2.68721
2.68184
2.67434
2.66473
2.65303
2.63927
2.62348
2.6057
2.58597
2.56433
2.54085
2.51556
2.48854
2.45984
2.42952
2.39766
2.36432
2.32958
2.29352
2.25621
2.21773
2.17817
2.13759
2.0961
2.05377
2.01068
1.96693
1.92259
1.87774
1.83247
1.78687
1.741
1.69496
1.64881
1.60264
1.55652
1.51051
1.46469
1.41913
1.37388
1.32901
1.28458
1.24064
1.19724
1.15444
1.11228
1.0708
1.03005
0.99005
0.99362
1.03376
1.07467
1.11629
1.15861
1.20156
1.24511
1.28921
1.3338
1.37883
1.42424
1.46997
1.51596
1.56213
1.60842
1.65476
1.70107
1.74728
1.79331
1.83908
1.88451
1.92952
1.97402
2.01794
2.06118
2.10366
2.1453
2.18602
2.22573
2.26435
2.30179
2.33799
2.37285
2.4063
2.43828
2.46871
2.49751
2.52464
2.55001
2.57358
2.59529
2.61509
2.63294
2.64879
2.6626
2.67434
2.68399
2.69151
2.6969
2.70014
2.70122
2.70014
2.6969
2.69151
2.68399
2.67434
2.6626
2.64879
2.63294
2.61509
2.59529
2.57358
2.55001
2.52464
2.49751
2.46871
2.43828
2.4063
2.37285
2.33799
2.30179
2.26435
2.22573
2.18602
2.1453
2.10366
2.06118
2.01794
1.97402
1.92952
1.88451
1.83908
1.79331
1.74728
1.70107
1.65476
1.60842
1.56213
1.51596
1.46997
1.42424
1.37883
1.3338
1.28921
1.24511
1.20156
1.15861
1.11629
1.07467
1.03376
0.99362
0.996406
1.03666
1.07768
1.11942
1.16186
1.20493
1.24861
1.29283
1.33754
1.3827
1.42824
1.4741
1.52021
1.56651
1.61293
1.6594
1.70584
1.75218
1.79834
1.84424
1.8898
1.93493
1.97956
2.0236
2.06696
2.10956
2.15132
2.19215
2.23197
2.2707
2.30825
2.34454
2.3795
2.41305
2.44512
2.47563
2.50452
2.53172
2.55716
2.5808
2.60257
2.62243
2.64032
2.65621
2.67006
2.68184
2.69151
2.69906
2.70446
2.70771
2.70879
2.70771
2.70446
2.69906
2.69151
2.68184
2.67006
2.65621
2.64032
2.62243
2.60257
2.5808
2.55716
2.53172
2.50452
2.47563
2.44512
2.41305
2.3795
2.34454
2.30825
2.2707
2.23197
2.19215
2.15132
2.10956
2.06696
2.0236
1.97956
1.93493
1.8898
1.84424
1.79834
1.75218
1.70584
1.6594
1.61293
1.56651
1.52021
1.4741
1.42824
1.3827
1.33754
1.29283
1.24861
1.20493
1.16186
1.11942
1.07768
1.03666
0.996406
0.998401
1.03874
1.07984
1.12167
1.16418
1.20734
1.25111
1.29541
1.34022
1.38547
1.4311
1.47705
1.52325
1.56965
1.61616
1.66272
1.70926
1.75569
1.80194
1.84793
1.89358
1.9388
1.98352
2.02765
2.0711
2.11378
2.15563
2.19654
2.23644
2.27524
2.31287
2.34924
2.38427
2.41788
2.45001
2.48059
2.50953
2.53678
2.56228
2.58597
2.60778
2.62768
2.64561
2.66153
2.67541
2.68721
2.6969
2.70446
2.70988
2.71313
2.71422
2.71313
2.70988
2.70446
2.6969
2.68721
2.67541
2.66153
2.64561
2.62768
2.60778
2.58597
2.56228
2.53678
2.50953
2.48059
2.45001
2.41788
2.38427
2.34924
2.31287
2.27524
2.23644
2.19654
2.15563
2.11378
2.0711
2.02765
1.98352
1.9388
1.89358
1.84793
1.80194
1.75569
1.70926
1.66272
1.61616
1.56965
1.52325
1.47705
1.4311
1.38547
1.34022
1.29541
1.25111
1.20734
1.16418
1.12167
1.07984
1.03874
0.998401
0.9996
1.03998
1.08113
1.12301
1.16558
1.20879
1.25261
1.29697
1.34183
1.38713
1.43282
1.47882
1.52508
1.57153
1.6181
1.66472
1.71131
1.7578
1.80411
1.85015
1.89585
1.94113
1.9859
2.03008
2.07358
2.11632
2.15822
2.19918
2.23913
2.27798
2.31565
2.35206
2.38713
2.42079
2.45296
2.48357
2.51255
2.53983
2.56536
2.58907
2.61091
2.63083
2.64879
2.66473
2.67862
2.69044
2.70014
2.70771
2.71313
2.71639
2.71748
2.71639
2.71313
2.70771
2.70014
2.69044
2.67862
2.66473
2.64879
2.63083
2.61091
2.58907
2.56536
2.53983
2.51255
2.48357
2.45296
2.42079
2.38713
2.35206
2.31565
2.27798
2.23913
2.19918
2.15822
2.11632
2.07358
2.03008
1.9859
1.94113
1.89585
1.85015
1.80411
1.7578
1.71131
1.66472
1.6181
1.57153
1.52508
1.47882
1.43282
1.38713
1.34183
1.29697
1.25261
1.20879
1.16558
1.12301
1.08113
1.03998
0.9996
1
1.0404
1.08157
1.12346
1.16605
1.20928
1.25311
1.29749
1.34237
1.38769
1.43339
1.47941
1.52569
1.57216
1.61875
1.66539
1.712
1.7585
1.80483
1.85089
1.89661
1.94191
1.9867
2.03089
2.07441
2.11717
2.15908
2.20006
2.24002
2.27889
2.31657
2.353
2.38808
2.42176
2.45394
2.48456
2.51355
2.54085
2.56639
2.59011
2.61196
2.63189
2.64985
2.66579
2.67969
2.69151
2.70122
2.70879
2.71422
2.71748
2.71856
2.71748
2.71422
2.70879
2.70122
2.69151
2.67969
2.66579
2.64985
2.63189
2.61196
2.59011
2.56639
2.54085
2.51355
2.48456
2.45394
2.42176
2.38808
2.353
2.31657
2.27889
2.24002
2.20006
2.15908
2.11717
2.07441
2.03089
1.9867
1.94191
1.89661
1.85089
1.80483
1.7585
1.712
1.66539
1.61875
1.57216
1.52569
1.47941
1.43339
1.38769
1.34237
1.29749
1.25311
1.20928
1.16605
1.12346
1.08157
1.0404
1
0.9996
1.03998
1.08113
1.12301
1.16558
1.20879
1.25261
1.29697
1.34183
1.38713
1.43282
1.47882
1.52508
1.57153
1.6181
1.66472
1.71131
1.7578
1.80411
1.85015
1.89585
1.94113
1.9859
2.03008
2.07358
2.11632
2.15822
2.19918
2.23913
2.27798
2.31565
2.35206
2.38713
2.42079
2.45296
2.48357
2.51255
2.53983
2.56536
2.58907
2.61091
2.63083
2.64879
2.66473
2.67862
2.69044
2.70014
2.70771
2.71313
2.71639
2.71748
2.71639
2.71313
2.70771
2.70014
2.69044
2.67862
2.66473
2.64879
2.63083
2.61091
2.58907
2.56536
2.53983
2.51255
2.48357
2.45296
2.42079
2.38713
2.35206
2.31565
2.27798
2.23913
2.19918
2.15822
2.11632
2.07358
2.03008
1.9859
1.94113
1.89585
1.85015
1.80411
1.7578
1.71131
1.66472
1.6181
1.57153
1.52508
1.47882
1.43282
1.38713
1.34183
1.29697
1.25261
1.20879
1.16558
1.12301
1.08113
1.03998
0.9996
0.998401
1.03874
1.07984
1.12167
1.16418
1.20734
1.25111
1.29541
1.34022
1.38547
1.4311
1.47705
1.52325
1.56965
1.61616
1.66272
1.70926
1.75569
1.80194
1.84793
1.89358
1.9388
1.98352
2.02765
2.0711
2.11378
2.15563
2.19654
2.23644
2.27524
2.31287
2.34924
2.38427
2.41788
2.45001
2.48059
2.50953
2.53678
2.56228
2.58597
2.60778
2.62768
2.64561
2.66153
2.67541
2.68721
2.6969
2.70446
2.70988
2.71313
2.71422
2.71313
2.70988
2.70446
2.6969
2.68721
2.67541
2.66153
2.64561
2.62768
2.60778
2.58597
2.56228
2.53678
2.50953
2.48059
2.45001
2.41788
2.38427
2.34924
2.31287
2.27524
2.23644
2.19654
2.15563
2.11378
2.0711
2.02765
1.98352
1.9388
1.89358
1.84793
1.80194
1.75569
1.70926
1.66272
1.61616
1.56965
1.52325
1.47705
1.4311
1.38547
1.34022
1.29541
1.25111
1.20734
1.16418
1.12167
1.07984
1.03874
0.998401
0.996406
1.03666
1.07768
1.11942
1.16186
1.20493
1.24861
1.29283
1.33754
1.3827
1.42824
1.4741
1.52021
1.56651
1.61293
1.6594
1.70584
1.75218
1.79834
1.84424
1.8898
1.93493
1.97956
2.0236
2.06696
2.10956
2.15132
2.19215
2.23197
2.2707
2.30825
2.34454
2.3795
2.41305
2.44512
2.47563
2.50452
2.53172
2.55716
2.5808
2.60257
2.62243
2.64032
2.65621
2.67006
2.68184
2.69151
2.69906
2.70446
2.70771
2.70879
2.70771
2.70446
2.69906
2.69151
2.68184
2.67006
2.65621
2.64032
2.62243
2.60257
2.5808
2.55716
2.53172
2.50452
2.47563
2.44512
2.41305
2.3795
2.34454
2.30825
2.2707
2.23197
2.19215
2.15132
2.10956
2.06696
2.0236
1.97956
1.93493
1.8898
1.84424
1.79834
1.75218
1.70584
1.6594
1.61293
1.56651
1.52021
1.4741
1.42824
1.3827
1.33754
1.29283
1.24861
1.20493
1.16186
1.11942
1.07768
1.03666
0.996406
0.99362
1.03376
1.07467
1.11629
1.15861
1.20156
1.24511
1.28921
1.3338
1.37883
1.42424
1.46997
1.51596
1.56213
1.60842
1.65476
1.70107
1.74728
1.79331
1.83908
1.88451
1.92952
1.97402
2.01794
2.06118
2.10366
2.1453
2.18602
2.22573
2.26435
2.30179
2.33799
2.37285
2.4063
2.43828
2.46871
2.49751
2.52464
2.55001
2.57358
2.59529
2.61509
2.63294
2.64879
2.6626
2.67434
2.68399
2.69151
2.6969
2.70014
2.70122
2.70014
2.6969
2.69151
2.68399
2.67434
2.6626
2.64879
2.63294
2.61509
2.59529
2.57358
2.55001
2.52464
2.49751
2.46871
2.43828
2.4063
2.37285
2.33799
2.30179
2.26435
2.22573
2.18602
2.1453
2.10366
2.06118
2.01794
1.97402
1.92952
1.88451
1.83908
1.79331
1.74728
1.70107
1.65476
1.60842
1.56213
1.51596
1.46997
1.42424
1.37883
1.3338
1.28921
1.24511
1.20156
1.15861
1.11629
1.07467
1.03376
0.99362
0.99005
1.03005
1.0708
1.11228
1.15444
1.19724
1.24064
1.28458
1.32901
1.37388
1.41913
1.46469
1.51051
1.55652
1.60264
1.64881
1.69496
1.741
1.78687
1.83247
1.87774
1.92259
1.96693
2.01068
2.05377
2.0961
2.13759
2.17817
2.21773
2.25621
2.29352
2.32958
2.36432
2.39766
2.42952
2.45984
2.48854
2.51556
2.54085
2.56433
2.58597
2.6057
2.62348
2.63927
2.65303
2.66473
2.67434
2.68184
2.68721
2.69044
2.69151
2.69044
2.68721
2.68184
2.67434
2.66473
2.65303
2.63927
2.62348
2.6057
2.58597
2.56433
2.54085
2.51556
2.48854
2.45984
2.42952
2.39766
2.36432
2.32958
2.29352
2.25621
2.21773
2.17817
2.13759
2.0961
2.05377
2.01068
1.96693
1.92259
1.87774
1.83247
1.78687
1.741
1.69496
1.64881
1.60264
1.55652
1.51051
1.46469
1.41913
1.37388
1.32901
1.28458
1.24064
1.19724
1.15444
1.11228
1.0708
1.03005
0.99005
0.985703
1.02553
1.0661
1.1074
1.14938
1.19199
1.23519
1.27894
1.32317
1.36785
1.41289
1.45826
1.50388
1.54968
1.5956
1.64157
1.68752
1.73336
1.77902
1.82443
1.86949
1.91414
1.95829
2.00186
2.04475
2.0869
2.12821
2.1686
2.20799
2.2463
2.28345
2.31935
2.35394
2.38713
2.41885
2.44903
2.47761
2.50452
2.52969
2.55307
2.57461
2.59426
2.61196
2.62768
2.64138
2.65303
2.6626
2.67006
2.67541
2.67862
2.67969
2.67862
2.67541
2.67006
2.6626
2.65303
2.64138
2.62768
2.61196
2.59426
2.57461
2.55307
2.52969
2.50452
2.47761
2.44903
2.41885
2.38713
2.35394
2.31935
2.28345
2.2463
2.20799
2.1686
2.12821
2.0869
2.04475
2.00186
1.95829
1.91414
1.86949
1.82443
1.77902
1.73336
1.68752
1.64157
1.5956
1.54968
1.50388
1.45826
1.41289
1.36785
1.32317
1.27894
1.23519
1.19199
1.14938
1.1074
1.0661
1.02553
0.985703
0.980591
1.02021
1.06057
1.10166
1.14341
1.18581
1.22879
1.2723
1.31631
1.36075
1.40557
1.4507
1.49608
1.54164
1.58733
1.63306
1.67876
1.72437
1.76979
1.81496
1.8598
1.90422
1.94813
1.99147
2.03415
2.07607
2.11717
2.15735
2.19654
2.23465
2.27161
2.30732
2.34173
2.37475
2.4063
2.43633
2.46476
2.49153
2.51657
2.53983
2.56126
2.5808
2.59841
2.61405
2.62768
2.63927
2.64879
2.65621
2.66153
2.66473
2.66579
2.66473
2.66153
2.65621
2.64879
2.63927
2.62768
2.61405
2.59841
2.5808
2.56126
2.53983
2.51657
2.49153
2.46476
2.43633
2.4063
2.37475
2.34173
2.30732
2.27161
2.23465
2.19654
2.15735
2.11717
2.07607
2.03415
1.99147
1.94813
1.90422
1.8598
1.81496
1.76979
1.72437
1.67876
1.63306
1.58733
1.54164
1.49608
1.4507
1.40557
1.36075
1.31631
1.2723
1.22879
1.18581
1.14341
1.10166
1.06057
1.02021
0.980591
0.974725
1.0141
1.05423
1.09507
1.13657
1.17871
1.22143
1.26469
1.30844
1.35261
1.39716
1.44202
1.48713
1.53242
1.57783
1.62329
1.66872
1.71405
1.75921
1.80411
1.84867
1.89282
1.93648
1.97956
2.02198
2.06365
2.1045
2.14445
2.1834
2.22128
2.25802
2.29352
2.32772
2.36054
2.39191
2.42176
2.45001
2.47662
2.50151
2.52464
2.54593
2.56536
2.58286
2.59841
2.61196
2.62348
2.63294
2.64032
2.64561
2.64879
2.64985
2.64879
2.64561
2.64032
2.63294
2.62348
2.61196
2.59841
2.58286
2.56536
2.54593
2.52464
2.50151
2.47662
2.45001
2.42176
2.39191
2.36054
2.32772
2.29352
2.25802
2.22128
2.1834
2.14445
2.1045
2.06365
2.02198
1.97956
1.93648
1.89282
1.84867
1.80411
1.75921
1.71405
1.66872
1.62329
1.57783
1.53242
1.48713
1.44202
1.39716
1.35261
1.30844
1.26469
1.22143
1.17871
1.13657
1.09507
1.05423
1.0141
0.974725
0.968119
1.00723
1.04708
1.08764
1.12887
1.17072
1.21316
1.25612
1.29957
1.34344
1.38769
1.43224
1.47705
1.52204
1.56714
1.61229
1.65741
1.70243
1.74728
1.79188
1.83614
1.87999
1.92335
1.96614
2.00827
2.04967
2.09024
2.12991
2.1686
2.20623
2.24271
2.27798
2.31194
2.34454
2.3757
2.40534
2.43341
2.45984
2.48456
2.50753
2.52868
2.54797
2.56536
2.5808
2.59426
2.6057
2.61509
2.62243
2.62768
2.63083
2.63189
2.63083
2.62768
2.62243
2.61509
2.6057
2.59426
2.5808
2.56536
2.54797
2.52868
2.50753
2.48456
2.45984
2.43341
2.40534
2.3757
2.34454
2.31194
2.27798
2.24271
2.20623
2.1686
2.12991
2.09024
2.04967
2.00827
1.96614
1.92335
1.87999
1.83614
1.79188
1.74728
1.70243
1.65741
1.61229
1.56714
1.52204
1.47705
1.43224
1.38769
1.34344
1.29957
1.25612
1.21316
1.17072
1.12887
1.08764
1.04708
1.00723
0.968119
0.960789
0.999605
1.03916
1.07941
1.12032
1.16186
1.20397
1.24661
1.28973
1.33327
1.37718
1.4214
1.46586
1.51051
1.55527
1.60008
1.64486
1.68954
1.73405
1.77831
1.82224
1.86576
1.90879
1.95125
1.99307
2.03415
2.07441
2.11378
2.15218
2.18952
2.22573
2.26073
2.29444
2.32679
2.35771
2.38713
2.41498
2.44121
2.46575
2.48854
2.50953
2.52868
2.54593
2.56126
2.57461
2.58597
2.59529
2.60257
2.60778
2.61091
2.61196
2.61091
2.60778
2.60257
2.59529
2.58597
2.57461
2.56126
2.54593
2.52868
2.50953
2.48854
2.46575
2.44121
2.41498
2.38713
2.35771
2.32679
2.29444
2.26073
2.22573
2.18952
2.15218
2.11378
2.07441
2.03415
1.99307
1.95125
1.90879
1.86576
1.82224
1.77831
1.73405
1.68954
1.64486
1.60008
1.55527
1.51051
1.46586
1.4214
1.37718
1.33327
1.28973
1.24661
1.20397
1.16186
1.12032
1.07941
1.03916
0.999605
0.960789
0.952753
0.991243
1.03046
1.07038
1.11095
1.15214
1.1939
1.23618
1.27894
1.32212
1.36566
1.40951
1.4536
1.49787
1.54226
1.58669
1.6311
1.67541
1.71955
1.76343
1.80699
1.85015
1.89282
1.93493
1.97639
2.01713
2.05706
2.0961
2.13418
2.17121
2.20711
2.24181
2.27524
2.30732
2.33799
2.36716
2.39478
2.42079
2.44512
2.46772
2.48854
2.50753
2.52464
2.53983
2.55307
2.56433
2.57358
2.5808
2.58597
2.58907
2.59011
2.58907
2.58597
2.5808
2.57358
2.56433
2.55307
2.53983
2.52464
2.50753
2.48854
2.46772
2.44512
2.42079
2.39478
2.36716
2.33799
2.30732
2.27524
2.24181
2.20711
2.17121
2.13418
2.0961
2.05706
2.01713
1.97639
1.93493
1.89282
1.85015
1.80699
1.76343
1.71955
1.67541
1.6311
1.58669
1.54226
1.49787
1.4536
1.40951
1.36566
1.32212
1.27894
1.23618
1.1939
1.15214
1.11095
1.07038
1.03046
0.991243
0.952753
0.944027
0.982165
1.02103
1.06058
1.10078
1.14159
1.18297
1.22486
1.26723
1.31001
1.35315
1.3966
1.44029
1.48416
1.52814
1.57216
1.61616
1.66007
1.7038
1.74728
1.79045
1.83321
1.87549
1.91721
1.95829
1.99866
2.03822
2.0769
2.11463
2.15132
2.1869
2.22128
2.25441
2.28619
2.31657
2.34548
2.37285
2.39862
2.42273
2.44512
2.46575
2.48456
2.50151
2.51657
2.52969
2.54085
2.55001
2.55716
2.56228
2.56536
2.56639
2.56536
2.56228
2.55716
2.55001
2.54085
2.52969
2.51657
2.50151
2.48456
2.46575
2.44512
2.42273
2.39862
2.37285
2.34548
2.31657
2.28619
2.25441
2.22128
2.1869
2.15132
2.11463
2.0769
2.03822
1.99866
1.95829
1.91721
1.87549
1.83321
1.79045
1.74728
1.7038
1.66007
1.61616
1.57216
1.52814
1.48416
1.44029
1.3966
1.35315
1.31001
1.26723
1.22486
1.18297
1.14159
1.10078
1.06058
1.02103
0.982165
0.944027
0.934634
0.972393
1.01087
1.05002
1.08982
1.13023
1.17119
1.21267
1.25462
1.29697
1.33969
1.3827
1.42596
1.46939
1.51293
1.55652
1.60008
1.64355
1.68684
1.7299
1.77263
1.81496
1.85682
1.89813
1.93881
1.97877
2.01794
2.05624
2.09359
2.12991
2.16513
2.19918
2.23197
2.26344
2.29352
2.32214
2.34924
2.37475
2.39862
2.42079
2.44121
2.45984
2.47662
2.49153
2.50452
2.51556
2.52464
2.53172
2.53678
2.53983
2.54085
2.53983
2.53678
2.53172
2.52464
2.51556
2.50452
2.49153
2.47662
2.45984
2.44121
2.42079
2.39862
2.37475
2.34924
2.32214
2.29352
2.26344
2.23197
2.19918
2.16513
2.12991
2.09359
2.05624
2.01794
1.97877
1.93881
1.89813
1.85682
1.81496
1.77263
1.7299
1.68684
1.64355
1.60008
1.55652
1.51293
1.46939
1.42596
1.3827
1.33969
1.29697
1.25462
1.21267
1.17119
1.13023
1.08982
1.05002
1.01087
0.972393
0.934634
0.924595
0.961947
1.00001
1.03874
1.07812
1.11809
1.15861
1.19965
1.24114
1.28304
1.3253
1.36785
1.41064
1.4536
1.49668
1.5398
1.58289
1.62589
1.66872
1.71131
1.75359
1.79547
1.83688
1.87774
1.91798
1.95751
1.99626
2.03415
2.0711
2.10703
2.14187
2.17555
2.20799
2.23913
2.26888
2.29719
2.324
2.34924
2.37285
2.39478
2.41498
2.43341
2.45001
2.46476
2.47761
2.48854
2.49751
2.50452
2.50953
2.51255
2.51355
2.51255
2.50953
2.50452
2.49751
2.48854
2.47761
2.46476
2.45001
2.43341
2.41498
2.39478
2.37285
2.34924
2.324
2.29719
2.26888
2.23913
2.20799
2.17555
2.14187
2.10703
2.0711
2.03415
1.99626
1.95751
1.91798
1.87774
1.83688
1.79547
1.75359
1.71131
1.66872
1.62589
1.58289
1.5398
1.49668
1.4536
1.41064
1.36785
1.3253
1.28304
1.24114
1.19965
1.15861
1.11809
1.07812
1.03874
1.00001
0.961947
0.924595
0.913931
0.950853
0.988475
1.02676
1.06568
1.10519
1.14525
1.18581
1.22682
1.26824
1.31001
1.35207
1.39437
1.43684
1.47941
1.52204
1.56463
1.60714
1.64947
1.69157
1.73336
1.77476
1.81569
1.85608
1.89585
1.93493
1.97323
2.01068
2.04721
2.08273
2.11717
2.15046
2.18253
2.2133
2.24271
2.2707
2.29719
2.32214
2.34548
2.36716
2.38713
2.40534
2.42176
2.43633
2.44903
2.45984
2.46871
2.47563
2.48059
2.48357
2.48456
2.48357
2.48059
2.47563
2.46871
2.45984
2.44903
2.43633
2.42176
2.40534
2.38713
2.36716
2.34548
2.32214
2.29719
2.2707
2.24271
2.2133
2.18253
2.15046
2.11717
2.08273
2.04721
2.01068
1.97323
1.93493
1.89585
1.85608
1.81569
1.77476
1.73336
1.69157
1.64947
1.60714
1.56463
1.52204
1.47941
1.43684
1.39437
1.35207
1.31001
1.26824
1.22682
1.18581
1.14525
1.10519
1.06568
1.02676
0.988475
0.950853
0.913931
0.902668
0.939135
0.976293
1.01411
1.05255
1.09157
1.13114
1.1712
1.2117
1.25261
1.29387
1.33541
1.37718
1.41913
1.46118
1.50328
1.54535
1.58733
1.62915
1.67073
1.712
1.75288
1.79331
1.83321
1.87249
1.91108
1.94891
1.9859
2.02198
2.05706
2.09108
2.12396
2.15563
2.18602
2.21507
2.24271
2.26888
2.29352
2.31657
2.33799
2.35771
2.3757
2.39191
2.4063
2.41885
2.42952
2.43828
2.44512
2.45001
2.45296
2.45394
2.45296
2.45001
2.44512
2.43828
2.42952
2.41885
2.4063
2.39191
2.3757
2.35771
2.33799
2.31657
2.29352
2.26888
2.24271
2.21507
2.18602
2.15563
2.12396
2.09108
2.05706
2.02198
1.9859
1.94891
1.91108
1.87249
1.83321
1.79331
1.75288
1.712
1.67073
1.62915
1.58733
1.54535
1.50328
1.46118
1.41913
1.37718
1.33541
1.29387
1.25261
1.2117
1.1712
1.13114
1.09157
1.05255
1.01411
0.976293
0.939135
0.902668
0.890831
0.92682
0.963491
1.00081
1.03875
1.07726
1.1163
1.15584
1.19581
1.23619
1.2769
1.3179
1.35912
1.40052
1.44202
1.48356
1.52508
1.56651
1.60778
1.64882
1.68954
1.7299
1.76979
1.80917
1.84793
1.88602
1.92336
1.95986
1.99546
2.03008
2.06365
2.0961
2.12736
2.15735
2.18602
2.2133
2.23913
2.26344
2.28619
2.30732
2.32679
2.34454
2.36054
2.37475
2.38713
2.39766
2.4063
2.41305
2.41788
2.42079
2.42176
2.42079
2.41788
2.41305
2.4063
2.39766
2.38713
2.37475
2.36054
2.34454
2.32679
2.30732
2.28619
2.26344
2.23913
2.2133
2.18602
2.15735
2.12736
2.0961
2.06365
2.03008
1.99546
1.95986
1.92336
1.88602
1.84793
1.80917
1.76979
1.7299
1.68954
1.64882
1.60778
1.56651
1.52508
1.48356
1.44202
1.40052
1.35912
1.3179
1.2769
1.23619
1.19581
1.15584
1.1163
1.07726
1.03875
1.00081
0.963491
0.92682
0.890831
0.878447
0.913935
0.950095
0.986897
1.0243
1.06228
1.10078
1.13977
1.17919
1.219
1.25914
1.29957
1.34023
1.38105
1.42197
1.46294
1.50388
1.54473
1.58543
1.62589
1.66605
1.70584
1.74519
1.78401
1.82224
1.8598
1.89661
1.93261
1.96772
2.00186
2.03496
2.06696
2.09778
2.12736
2.15563
2.18253
2.20799
2.23197
2.25441
2.27524
2.29444
2.31194
2.32772
2.34173
2.35394
2.36432
2.37285
2.3795
2.38427
2.38713
2.38808
2.38713
2.38427
2.3795
2.37285
2.36432
2.35394
2.34173
2.32772
2.31194
2.29444
2.27524
2.25441
2.23197
2.20799
2.18253
2.15563
2.12736
2.09778
2.06696
2.03496
2.00186
1.96772
1.93261
1.89661
1.8598
1.82224
1.78401
1.74519
1.70584
1.66605
1.62589
1.58543
1.54473
1.50388
1.46294
1.42197
1.38105
1.34023
1.29957
1.25914
1.219
1.17919
1.13977
1.10078
1.06228
1.0243
0.986897
0.950095
0.913935
0.878447
0.865541
0.900508
0.936137
0.972398
1.00926
1.04667
1.08461
1.12302
1.16186
1.20109
1.24065
1.28048
1.32054
1.36076
1.40108
1.44144
1.48178
1.52204
1.56213
1.602
1.64158
1.68078
1.71955
1.7578
1.79547
1.83247
1.86875
1.90422
1.93881
1.97244
2.00506
2.03659
2.06696
2.0961
2.12396
2.15046
2.17555
2.19918
2.22128
2.24181
2.26073
2.27798
2.29352
2.30732
2.31935
2.32958
2.33799
2.34454
2.34924
2.35206
2.353
2.35206
2.34924
2.34454
2.33799
2.32958
2.31935
2.30732
2.29352
2.27798
2.26073
2.24181
2.22128
2.19918
2.17555
2.15046
2.12396
2.0961
2.06696
2.03659
2.00506
1.97244
1.93881
1.90422
1.86875
1.83247
1.79547
1.7578
1.71955
1.68078
1.64158
1.602
1.56213
1.52204
1.48178
1.44144
1.40108
1.36076
1.32054
1.28048
1.24065
1.20109
1.16186
1.12302
1.08461
1.04667
1.00926
0.972398
0.936137
0.900508
0.865541
0.852144
0.886569
0.921647
0.957346
0.993633
1.03047
1.06782
1.10564
1.14388
1.1825
1.22144
1.26066
1.30009
1.33969
1.37939
1.41913
1.45885
1.49848
1.53795
1.5772
1.61616
1.65476
1.69293
1.73059
1.76767
1.80411
1.83982
1.87474
1.90879
1.94191
1.97402
2.00506
2.03496
2.06365
2.09108
2.11717
2.14187
2.16513
2.1869
2.20711
2.22573
2.24271
2.25802
2.27161
2.28345
2.29352
2.30179
2.30825
2.31287
2.31565
2.31657
2.31565
2.31287
2.30825
2.30179
2.29352
2.28345
2.27161
2.25802
2.24271
2.22573
2.20711
2.1869
2.16513
2.14187
2.11717
2.09108
2.06365
2.03496
2.00506
1.97402
1.94191
1.90879
1.87474
1.83982
1.80411
1.76767
1.73059
1.69293
1.65476
1.61616
1.5772
1.53795
1.49848
1.45885
1.41913
1.37939
1.33969
1.30009
1.26066
1.22144
1.1825
1.14388
1.10564
1.06782
1.03047
0.993633
0.957346
0.921647
0.886569
0.852144
0.838283
0.872147
0.906655
0.941773
0.97747
1.01371
1.05045
1.08765
1.12527
1.16326
1.20157
1.24015
1.27894
1.3179
1.35695
1.39604
1.43511
1.4741
1.51293
1.55155
1.58987
1.62784
1.66539
1.70244
1.73892
1.77476
1.80989
1.84424
1.87774
1.91032
1.94191
1.97244
2.00186
2.03008
2.05706
2.08273
2.10703
2.12991
2.15132
2.17121
2.18952
2.20623
2.22128
2.23465
2.2463
2.25621
2.26435
2.2707
2.27524
2.27798
2.27889
2.27798
2.27524
2.2707
2.26435
2.25621
2.2463
2.23465
2.22128
2.20623
2.18952
2.17121
2.15132
2.12991
2.10703
2.08273
2.05706
2.03008
2.00186
1.97244
1.94191
1.91032
1.87774
1.84424
1.80989
1.77476
1.73892
1.70244
1.66539
1.62784
1.58987
1.55155
1.51293
1.4741
1.43511
1.39604
1.35695
1.3179
1.27894
1.24015
1.20157
1.16326
1.12527
1.08765
1.05045
1.01371
0.97747
0.941773
0.906655
0.872147
0.838283
0.823987
0.857275
0.891193
0.925713
0.960801
0.996421
1.03254
1.0691
1.10608
1.14342
1.18108
1.219
1.25713
1.29542
1.33381
1.37224
1.41064
1.44896
1.48713
1.52509
1.56276
1.60008
1.63699
1.6734
1.70926
1.74449
1.77902
1.81279
1.84572
1.87774
1.90879
1.93881
1.96772
1.99546
2.02198
2.04721
2.0711
2.09359
2.11463
2.13418
2.15218
2.1686
2.1834
2.19654
2.20799
2.21773
2.22573
2.23197
2.23644
2.23913
2.24002
2.23913
2.23644
2.23197
2.22573
2.21773
2.20799
2.19654
2.1834
2.1686
2.15218
2.13418
2.11463
2.09359
2.0711
2.04721
2.02198
1.99546
1.96772
1.93881
1.90879
1.87774
1.84572
1.81279
1.77902
1.74449
1.70926
1.6734
1.63699
1.60008
1.56276
1.52509
1.48713
1.44896
1.41064
1.37224
1.33381
1.29542
1.25713
1.219
1.18108
1.14342
1.10608
1.0691
1.03254
0.996421
0.960801
0.925713
0.891193
0.857275
0.823987
0.809288
0.841981
0.875295
0.909199
0.94366
0.978645
1.01412
1.05003
1.08635
1.12302
1.16001
1.19725
1.23471
1.27231
1.31001
1.34775
1.38547
1.42311
1.4606
1.49788
1.53488
1.57153
1.60778
1.64355
1.67877
1.71337
1.74728
1.78045
1.81279
1.84424
1.87474
1.90422
1.93261
1.95986
1.9859
2.01068
2.03415
2.05624
2.0769
2.0961
2.11378
2.12991
2.14445
2.15735
2.1686
2.17817
2.18602
2.19215
2.19654
2.19918
2.20006
2.19918
2.19654
2.19215
2.18602
2.17817
2.1686
2.15735
2.14445
2.12991
2.11378
2.0961
2.0769
2.05624
2.03415
2.01068
1.9859
1.95986
1.93261
1.90422
1.87474
1.84424
1.81279
1.78045
1.74728
1.71337
1.67877
1.64355
1.60778
1.57153
1.53488
1.49788
1.4606
1.42311
1.38547
1.34775
1.31001
1.27231
1.23471
1.19725
1.16001
1.12302
1.08635
1.05003
1.01412
0.978645
0.94366
0.909199
0.875295
0.841981
0.809288
0.794216
0.8263
0.858993
0.892265
0.926085
0.960418
0.995227
1.03047
1.06611
1.10211
1.1384
1.17495
1.21171
1.24861
1.28561
1.32265
1.35967
1.3966
1.43339
1.46998
1.50629
1.54226
1.57783
1.61293
1.6475
1.68145
1.71474
1.74728
1.77902
1.80989
1.83982
1.86875
1.89661
1.92336
1.94891
1.97323
1.99626
2.01794
2.03822
2.05706
2.07441
2.09024
2.1045
2.11717
2.12821
2.13759
2.1453
2.15132
2.15563
2.15822
2.15908
2.15822
2.15563
2.15132
2.1453
2.13759
2.12821
2.11717
2.1045
2.09024
2.07441
2.05706
2.03822
2.01794
1.99626
1.97323
1.94891
1.92336
1.89661
1.86875
1.83982
1.80989
1.77902
1.74728
1.71474
1.68145
1.6475
1.61293
1.57783
1.54226
1.50629
1.46998
1.43339
1.3966
1.35967
1.32265
1.28561
1.24861
1.21171
1.17495
1.1384
1.10211
1.06611
1.03047
0.995227
0.960418
0.926085
0.892265
0.858993
0.8263
0.794216
0.778801
0.810262
0.84232
0.874946
0.908109
0.941776
0.975909
1.01047
1.04542
1.08071
1.11631
1.15215
1.18819
1.22438
1.26066
1.29698
1.33328
1.36949
1.40557
1.44144
1.47705
1.51233
1.54721
1.58163
1.61552
1.64882
1.68145
1.71337
1.74449
1.77476
1.80411
1.83247
1.8598
1.88602
1.91108
1.93493
1.95751
1.97877
1.99866
2.01713
2.03415
2.04967
2.06365
2.07607
2.0869
2.0961
2.10366
2.10956
2.11378
2.11632
2.11717
2.11632
2.11378
2.10956
2.10366
2.0961
2.0869
2.07607
2.06365
2.04967
2.03415
2.01713
1.99866
1.97877
1.95751
1.93493
1.91108
1.88602
1.8598
1.83247
1.80411
1.77476
1.74449
1.71337
1.68145
1.64882
1.61552
1.58163
1.54721
1.51233
1.47705
1.44144
1.40557
1.36949
1.33328
1.29698
1.26066
1.22438
1.18819
1.15215
1.11631
1.08071
1.04542
1.01047
0.975909
0.941776
0.908109
0.874946
0.84232
0.810262
0.778801
0.763074
0.7939
0.82531
0.857278
0.889771
0.922758
0.956202
0.990066
1.02431
1.05889
1.09376
1.12888
1.16419
1.19965
1.2352
1.27079
1.30635
1.34184
1.37719
1.41233
1.44722
1.48179
1.51596
1.54968
1.58289
1.61552
1.6475
1.67877
1.70926
1.73892
1.76767
1.79547
1.82224
1.84793
1.87249
1.89585
1.91798
1.93881
1.95829
1.97639
1.99307
2.00827
2.02198
2.03415
2.04475
2.05377
2.06118
2.06696
2.0711
2.07358
2.07441
2.07358
2.0711
2.06696
2.06118
2.05377
2.04475
2.03415
2.02198
2.00827
1.99307
1.97639
1.95829
1.93881
1.91798
1.89585
1.87249
1.84793
1.82224
1.79547
1.76767
1.73892
1.70926
1.67877
1.6475
1.61552
1.58289
1.54968
1.51596
1.48179
1.44722
1.41233
1.37719
1.34184
1.30635
1.27079
1.2352
1.19965
1.16419
1.12888
1.09376
1.05889
1.02431
0.990066
0.956202
0.922758
0.889771
0.857278
0.82531
0.7939
0.763074
0.747067
0.777246
0.807998
0.839294
0.871106
0.9034
0.936143
0.969296
1.00282
1.03668
1.07082
1.1052
1.13977
1.17448
1.20929
1.24413
1.27895
1.31369
1.34829
1.38271
1.41686
1.4507
1.48416
1.51717
1.54968
1.58163
1.61293
1.64355
1.6734
1.70244
1.73059
1.7578
1.78401
1.80917
1.83321
1.85608
1.87774
1.89813
1.91721
1.93493
1.95125
1.96614
1.97956
1.99147
2.00186
2.01068
2.01794
2.0236
2.02765
2.03008
2.03089
2.03008
2.02765
2.0236
2.01794
2.01068
2.00186
1.99147
1.97956
1.96614
1.95125
1.93493
1.91721
1.89813
1.87774
1.85608
1.83321
1.80917
1.78401
1.7578
1.73059
1.70244
1.6734
1.64355
1.61293
1.58163
1.54968
1.51717
1.48416
1.4507
1.41686
1.38271
1.34829
1.31369
1.27895
1.24413
1.20929
1.17448
1.13977
1.1052
1.07082
1.03668
1.00282
0.969296
0.936143
0.9034
0.871106
0.839294
0.807998
0.777246
0.747067
0.730811
0.760333
0.790415
0.821031
0.85215
0.883742
0.915771
0.948203
0.980999
1.01412
1.04751
1.08115
1.11497
1.14893
1.18297
1.21705
1.25111
1.2851
1.31895
1.35262
1.38603
1.41913
1.45186
1.48416
1.51596
1.54721
1.57783
1.60778
1.63699
1.66539
1.69293
1.71955
1.74519
1.76979
1.79331
1.81569
1.83688
1.85682
1.87549
1.89282
1.90879
1.92335
1.93648
1.94813
1.95829
1.96693
1.97402
1.97956
1.98352
1.9859
1.9867
1.9859
1.98352
1.97956
1.97402
1.96693
1.95829
1.94813
1.93648
1.92335
1.90879
1.89282
1.87549
1.85682
1.83688
1.81569
1.79331
1.76979
1.74519
1.71955
1.69293
1.66539
1.63699
1.60778
1.57783
1.54721
1.51596
1.48416
1.45186
1.41913
1.38603
1.35262
1.31895
1.2851
1.25111
1.21705
1.18297
1.14893
1.11497
1.08115
1.04751
1.01412
0.980999
0.948203
0.915771
0.883742
0.85215
0.821031
0.790415
0.760333
0.730811
0.714337
0.743194
0.772598
0.802523
0.83294
0.863819
0.895127
0.926828
0.958884
0.991255
1.0239
1.05677
1.08983
1.12302
1.1563
1.18962
1.22291
1.25613
1.28922
1.32212
1.35478
1.38714
1.41913
1.4507
1.48179
1.51233
1.54226
1.57153
1.60008
1.62784
1.65476
1.68078
1.70584
1.7299
1.75288
1.77476
1.79547
1.81496
1.83321
1.85015
1.86576
1.87999
1.89282
1.90422
1.91414
1.92259
1.92952
1.93493
1.9388
1.94113
1.94191
1.94113
1.9388
1.93493
1.92952
1.92259
1.91414
1.90422
1.89282
1.87999
1.86576
1.85015
1.83321
1.81496
1.79547
1.77476
1.75288
1.7299
1.70584
1.68078
1.65476
1.62784
1.60008
1.57153
1.54226
1.51233
1.48179
1.4507
1.41913
1.38714
1.35478
1.32212
1.28922
1.25613
1.22291
1.18962
1.1563
1.12302
1.08983
1.05677
1.0239
0.991255
0.958884
0.926828
0.895127
0.863819
0.83294
0.802523
0.772598
0.743194
0.714337
0.697676
0.72586
0.754577
0.783804
0.813512
0.843671
0.874249
0.90521
0.936518
0.968134
1.00002
1.03212
1.06441
1.09683
1.12933
1.16187
1.19438
1.22683
1.25915
1.29128
1.32318
1.35478
1.38603
1.41686
1.44722
1.47705
1.50629
1.53488
1.56276
1.58987
1.61616
1.64158
1.66605
1.68954
1.712
1.73336
1.75359
1.77263
1.79045
1.80699
1.82224
1.83614
1.84867
1.8598
1.86949
1.87774
1.88451
1.8898
1.89358
1.89585
1.89661
1.89585
1.89358
1.8898
1.88451
1.87774
1.86949
1.8598
1.84867
1.83614
1.82224
1.80699
1.79045
1.77263
1.75359
1.73336
1.712
1.68954
1.66605
1.64158
1.61616
1.58987
1.56276
1.53488
1.50629
1.47705
1.44722
1.41686
1.38603
1.35478
1.32318
1.29128
1.25915
1.22683
1.19438
1.16187
1.12933
1.09683
1.06441
1.03212
1.00002
0.968134
0.936518
0.90521
0.874249
0.843671
0.813512
0.783804
0.754577
0.72586
0.697676
0.680859
0.708363
0.736388
0.76491
0.793902
0.823334
0.853174
0.883389
0.913942
0.944796
0.975911
1.00724
1.03875
1.07039
1.10211
1.13386
1.16559
1.19725
1.22879
1.26015
1.29128
1.32212
1.35262
1.38271
1.41233
1.44144
1.46998
1.49788
1.52509
1.55155
1.5772
1.602
1.62589
1.64882
1.67073
1.69157
1.71131
1.7299
1.74728
1.76343
1.77831
1.79188
1.80411
1.81496
1.82443
1.83247
1.83908
1.84424
1.84793
1.85015
1.85089
1.85015
1.84793
1.84424
1.83908
1.83247
1.82443
1.81496
1.80411
1.79188
1.77831
1.76343
1.74728
1.7299
1.71131
1.69157
1.67073
1.64882
1.62589
1.602
1.5772
1.55155
1.52509
1.49788
1.46998
1.44144
1.41233
1.38271
1.35262
1.32212
1.29128
1.26015
1.22879
1.19725
1.16559
1.13386
1.10211
1.07039
1.03875
1.00724
0.975911
0.944796
0.913942
0.883389
0.853174
0.823334
0.793902
0.76491
0.736388
0.708363
0.680859
0.663916
0.690735
0.718063
0.745875
0.774145
0.802844
0.831942
0.861405
0.891198
0.921284
0.951624
0.982177
1.0129
1.04375
1.07468
1.10564
1.13658
1.16746
1.19821
1.22879
1.25915
1.28922
1.31895
1.34829
1.37719
1.40557
1.43339
1.4606
1.48713
1.51293
1.53795
1.56213
1.58543
1.60778
1.62915
1.64947
1.66872
1.68684
1.7038
1.71955
1.73405
1.74728
1.75921
1.76979
1.77902
1.78687
1.79331
1.79834
1.80194
1.80411
1.80483
1.80411
1.80194
1.79834
1.79331
1.78687
1.77902
1.76979
1.75921
1.74728
1.73405
1.71955
1.7038
1.68684
1.66872
1.64947
1.62915
1.60778
1.58543
1.56213
1.53795
1.51293
1.48713
1.4606
1.43339
1.40557
1.37719
1.34829
1.31895
1.28922
1.25915
1.22879
1.19821
1.16746
1.13658
1.10564
1.07468
1.04375
1.0129
0.982177
0.951624
0.921284
0.891198
0.861405
0.831942
0.802844
0.774145
0.745875
0.718063
0.690735
0.663916
0.646876
0.673007
0.699633
0.726732
0.754276
0.782239
0.810589
0.839296
0.868324
0.897638
0.927199
0.956968
0.986904
1.01696
1.0471
1.07726
1.10741
1.13749
1.16746
1.19725
1.22683
1.25613
1.2851
1.31369
1.34184
1.36949
1.3966
1.42311
1.44896
1.4741
1.49848
1.52204
1.54473
1.56651
1.58733
1.60714
1.62589
1.64355
1.66007
1.67541
1.68954
1.70243
1.71405
1.72437
1.73336
1.741
1.74728
1.75218
1.75569
1.7578
1.7585
1.7578
1.75569
1.75218
1.74728
1.741
1.73336
1.72437
1.71405
1.70243
1.68954
1.67541
1.66007
1.64355
1.62589
1.60714
1.58733
1.56651
1.54473
1.52204
1.49848
1.4741
1.44896
1.42311
1.3966
1.36949
1.34184
1.31369
1.2851
1.25613
1.22683
1.19725
1.16746
1.13749
1.10741
1.07726
1.0471
1.01696
0.986904
0.956968
0.927199
0.897638
0.868324
0.839296
0.810589
0.782239
0.754276
0.726732
0.699633
0.673007
0.646876
0.62977
0.65521
0.681132
0.707514
0.73433
0.761553
0.789153
0.8171
0.845361
0.873899
0.902679
0.931661
0.960804
0.990067
1.01941
1.04877
1.07812
1.10741
1.13658
1.16559
1.19438
1.22291
1.25111
1.27895
1.30635
1.33328
1.35967
1.38547
1.41064
1.43511
1.45885
1.48178
1.50388
1.52508
1.54535
1.56463
1.58289
1.60008
1.61616
1.6311
1.64486
1.65741
1.66872
1.67876
1.68752
1.69496
1.70107
1.70584
1.70926
1.71131
1.712
1.71131
1.70926
1.70584
1.70107
1.69496
1.68752
1.67876
1.66872
1.65741
1.64486
1.6311
1.61616
1.60008
1.58289
1.56463
1.54535
1.52508
1.50388
1.48178
1.45885
1.43511
1.41064
1.38547
1.35967
1.33328
1.30635
1.27895
1.25111
1.22291
1.19438
1.16559
1.13658
1.10741
1.07812
1.04877
1.01941
0.990067
0.960804
0.931661
0.902679
0.873899
0.845361
0.8171
0.789153
0.761553
0.73433
0.707514
0.681132
0.65521
0.62977
0.612626
0.637373
0.66259
0.688253
0.714339
0.74082
0.76767
0.794856
0.822347
0.850108
0.878104
0.906297
0.934647
0.963113
0.991652
1.02022
1.04877
1.07726
1.10564
1.13386
1.16187
1.18962
1.21705
1.24413
1.27079
1.29698
1.32265
1.34775
1.37224
1.39604
1.41913
1.44144
1.46294
1.48356
1.50328
1.52204
1.5398
1.55652
1.57216
1.58669
1.60008
1.61229
1.62329
1.63306
1.64157
1.64881
1.65476
1.6594
1.66272
1.66472
1.66539
1.66472
1.66272
1.6594
1.65476
1.64881
1.64157
1.63306
1.62329
1.61229
1.60008
1.58669
1.57216
1.55652
1.5398
1.52204
1.50328
1.48356
1.46294
1.44144
1.41913
1.39604
1.37224
1.34775
1.32265
1.29698
1.27079
1.24413
1.21705
1.18962
1.16187
1.13386
1.10564
1.07726
1.04877
1.02022
0.991652
0.963113
0.934647
0.906297
0.878104
0.850108
0.822347
0.794856
0.76767
0.74082
0.714339
0.688253
0.66259
0.637373
0.612626
0.595473
0.619526
0.644036
0.668981
0.694336
0.720076
0.746174
0.772599
0.79932
0.826304
0.853516
0.880919
0.908475
0.936144
0.963884
0.991652
1.01941
1.0471
1.07468
1.10211
1.12933
1.1563
1.18297
1.20929
1.2352
1.26066
1.28561
1.31001
1.33381
1.35695
1.37939
1.40108
1.42197
1.44202
1.46118
1.47941
1.49668
1.51293
1.52814
1.54226
1.55527
1.56714
1.57783
1.58733
1.5956
1.60264
1.60842
1.61293
1.61616
1.6181
1.61875
1.6181
1.61616
1.61293
1.60842
1.60264
1.5956
1.58733
1.57783
1.56714
1.55527
1.54226
1.52814
1.51293
1.49668
1.47941
1.46118
1.44202
1.42197
1.40108
1.37939
1.35695
1.33381
1.31001
1.28561
1.26066
1.2352
1.20929
1.18297
1.1563
1.12933
1.10211
1.07468
1.0471
1.01941
0.991652
0.963884
0.936144
0.908475
0.880919
0.853516
0.826304
0.79932
0.772599
0.746174
0.720076
0.694336
0.668981
0.644036
0.619526
0.595473
0.578336
0.601698
0.625502
0.649729
0.674354
0.699354
0.7247
0.750364
0.776316
0.802524
0.828952
0.855567
0.88233
0.909202
0.936144
0.963113
0.990067
1.01696
1.04375
1.07039
1.09683
1.12302
1.14893
1.17448
1.19965
1.22438
1.24861
1.27231
1.29542
1.3179
1.33969
1.36076
1.38105
1.40052
1.41913
1.43684
1.4536
1.46939
1.48416
1.49787
1.51051
1.52204
1.53242
1.54164
1.54968
1.55652
1.56213
1.56651
1.56965
1.57153
1.57216
1.57153
1.56965
1.56651
1.56213
1.55652
1.54968
1.54164
1.53242
1.52204
1.51051
1.49787
1.48416
1.46939
1.4536
1.43684
1.41913
1.40052
1.38105
1.36076
1.33969
1.3179
1.29542
1.27231
1.24861
1.22438
1.19965
1.17448
1.14893
1.12302
1.09683
1.07039
1.04375
1.01696
0.990067
0.963113
0.936144
0.909202
0.88233
0.855567
0.828952
0.802524
0.776316
0.750364
0.7247
0.699354
0.674354
0.649729
0.625502
0.601698
0.578336
0.561244
0.583915
0.607016
0.630526
0.654424
0.678684
0.703281
0.728187
0.753372
0.778804
0.804452
0.83028
0.856252
0.88233
0.908475
0.934647
0.960804
0.986904
1.0129
1.03875
1.06441
1.08983
1.11497
1.13977
1.16419
1.18819
1.21171
1.23471
1.25713
1.27894
1.30009
1.32054
1.34023
1.35912
1.37718
1.39437
1.41064
1.42596
1.44029
1.4536
1.46586
1.47705
1.48713
1.49608
1.50388
1.51051
1.51596
1.52021
1.52325
1.52508
1.52569
1.52508
1.52325
1.52021
1.51596
1.51051
1.50388
1.49608
1.48713
1.47705
1.46586
1.4536
1.44029
1.42596
1.41064
1.39437
1.37718
1.35912
1.34023
1.32054
1.30009
1.27894
1.25713
1.23471
1.21171
1.18819
1.16419
1.13977
1.11497
1.08983
1.06441
1.03875
1.0129
0.986904
0.960804
0.934647
0.908475
0.88233
0.856252
0.83028
0.804452
0.778804
0.753372
0.728187
0.703281
0.678684
0.654424
0.630526
0.607016
0.583915
0.561244
0.544221
0.566204
0.588604
0.611402
0.634574
0.658099
0.681949
0.7061
0.730521
0.755182
0.780051
0.805096
0.83028
0.855567
0.880919
0.906297
0.931661
0.956968
0.982177
1.00724
1.03212
1.05677
1.08115
1.1052
1.12888
1.15215
1.17495
1.19725
1.219
1.24015
1.26066
1.28048
1.29957
1.3179
1.33541
1.35207
1.36785
1.3827
1.3966
1.40951
1.4214
1.43224
1.44202
1.4507
1.45826
1.46469
1.46997
1.4741
1.47705
1.47882
1.47941
1.47882
1.47705
1.4741
1.46997
1.46469
1.45826
1.4507
1.44202
1.43224
1.4214
1.40951
1.3966
1.3827
1.36785
1.35207
1.33541
1.3179
1.29957
1.28048
1.26066
1.24015
1.219
1.19725
1.17495
1.15215
1.12888
1.1052
1.08115
1.05677
1.03212
1.00724
0.982177
0.956968
0.931661
0.906297
0.880919
0.855567
0.83028
0.805096
0.780051
0.755182
0.730521
0.7061
0.681949
0.658099
0.634574
0.611402
0.588604
0.566204
0.544221
0.527292
0.548592
0.570295
0.592383
0.614835
0.637627
0.660736
0.684135
0.707796
0.73169
0.755786
0.780051
0.804452
0.828952
0.853516
0.878104
0.902679
0.927199
0.951624
0.975911
1.00002
1.0239
1.04751
1.07082
1.09376
1.11631
1.1384
1.16001
1.18108
1.20157
1.22144
1.24065
1.25914
1.2769
1.29387
1.31001
1.3253
1.33969
1.35315
1.36566
1.37718
1.38769
1.39716
1.40557
1.41289
1.41913
1.42424
1.42824
1.4311
1.43282
1.43339
1.43282
1.4311
1.42824
1.42424
1.41913
1.41289
1.40557
1.39716
1.38769
1.37718
1.36566
1.35315
1.33969
1.3253
1.31001
1.29387
1.2769
1.25914
1.24065
1.22144
1.20157
1.18108
1.16001
1.1384
1.11631
1.09376
1.07082
1.04751
1.0239
1.00002
0.975911
0.951624
0.927199
0.902679
0.878104
0.853516
0.828952
0.804452
0.780051
0.755786
0.73169
0.707796
0.684135
0.660736
0.637627
0.614835
0.592383
0.570295
0.548592
0.527292
0.510482
0.531102
0.552113
0.573497
0.595233
0.617299
0.639671
0.662324
0.685231
0.708363
0.73169
0.755182
0.778804
0.802524
0.826304
0.850108
0.873899
0.897638
0.921284
0.944796
0.968134
0.991255
1.01412
1.03668
1.05889
1.08071
1.10211
1.12302
1.14342
1.16326
1.1825
1.20109
1.219
1.23619
1.25261
1.26824
1.28304
1.29697
1.31001
1.32212
1.33327
1.34344
1.35261
1.36075
1.36785
1.37388
1.37883
1.3827
1.38547
1.38713
1.38769
1.38713
1.38547
1.3827
1.37883
1.37388
1.36785
1.36075
1.35261
1.34344
1.33327
1.32212
1.31001
1.29697
1.28304
1.26824
1.25261
1.23619
1.219
1.20109
1.1825
1.16326
1.14342
1.12302
1.10211
1.08071
1.05889
1.03668
1.01412
0.991255
0.968134
0.944796
0.921284
0.897638
0.873899
0.850108
0.826304
0.802524
0.778804
0.755182
0.73169
0.708363
0.685231
0.662324
0.639671
0.617299
0.595233
0.573497
0.552113
0.531102
0.510482
0.493812
0.513759
0.534084
0.554769
0.575795
0.597141
0.618782
0.640695
0.662854
0.685231
0.707796
0.730521
0.753372
0.776316
0.79932
0.822347
0.845361
0.868324
0.891198
0.913942
0.936518
0.958884
0.980999
1.00282
1.02431
1.04542
1.06611
1.08635
1.10608
1.12527
1.14388
1.16186
1.17919
1.19581
1.2117
1.22682
1.24114
1.25462
1.26723
1.27894
1.28973
1.29957
1.30844
1.31631
1.32317
1.32901
1.3338
1.33754
1.34022
1.34183
1.34237
1.34183
1.34022
1.33754
1.3338
1.32901
1.32317
1.31631
1.30844
1.29957
1.28973
1.27894
1.26723
1.25462
1.24114
1.22682
1.2117
1.19581
1.17919
1.16186
1.14388
1.12527
1.10608
1.08635
1.06611
1.04542
1.02431
1.00282
0.980999
0.958884
0.936518
0.913942
0.891198
0.868324
0.845361
0.822347
0.79932
0.776316
0.753372
0.730521
0.707796
0.685231
0.662854
0.640695
0.618782
0.597141
0.575795
0.554769
0.534084
0.513759
0.493812
0.477305
0.496585
0.51623
0.536224
0.556547
0.577179
0.598097
0.619277
0.640695
0.662324
0.684135
0.7061
0.728187
0.750364
0.772599
0.794856
0.8171
0.839296
0.861405
0.883389
0.90521
0.926828
0.948203
0.969296
0.990066
1.01047
1.03047
1.05003
1.0691
1.08765
1.10564
1.12302
1.13977
1.15584
1.1712
1.18581
1.19965
1.21267
1.22486
1.23618
1.24661
1.25612
1.26469
1.2723
1.27894
1.28458
1.28921
1.29283
1.29541
1.29697
1.29749
1.29697
1.29541
1.29283
1.28921
1.28458
1.27894
1.2723
1.26469
1.25612
1.24661
1.23618
1.22486
1.21267
1.19965
1.18581
1.1712
1.15584
1.13977
1.12302
1.10564
1.08765
1.0691
1.05003
1.03047
1.01047
0.990066
0.969296
0.948203
0.926828
0.90521
0.883389
0.861405
0.839296
0.8171
0.794856
0.772599
0.750364
0.728187
0.7061
0.684135
0.662324
0.640695
0.619277
0.598097
0.577179
0.556547
0.536224
0.51623
0.496585
0.477305
0.46098
0.479601
0.498574
0.517884
0.537512
0.557438
0.577641
0.598097
0.618782
0.639671
0.660736
0.681949
0.703281
0.7247
0.746174
0.76767
0.789153
0.810589
0.831942
0.853174
0.874249
0.895127
0.915771
0.936143
0.956202
0.975909
0.995227
1.01412
1.03254
1.05045
1.06782
1.08461
1.10078
1.1163
1.13114
1.14525
1.15861
1.17119
1.18297
1.1939
1.20397
1.21316
1.22143
1.22879
1.23519
1.24064
1.24511
1.24861
1.25111
1.25261
1.25311
1.25261
1.25111
1.24861
1.24511
1.24064
1.23519
1.22879
1.22143
1.21316
1.20397
1.1939
1.18297
1.17119
1.15861
1.14525
1.13114
1.1163
1.10078
1.08461
1.06782
1.05045
1.03254
1.01412
0.995227
0.975909
0.956202
0.936143
0.915771
0.895127
0.874249
0.853174
0.831942
0.810589
0.789153
0.76767
0.746174
0.7247
0.703281
0.681949
0.660736
0.639671
0.618782
0.598097
0.577641
0.557438
0.537512
0.517884
0.498574
0.479601
0.46098
0.444858
0.462827
0.481137
0.499772
0.518713
0.537942
0.557438
0.577179
0.597141
0.617299
0.637627
0.658099
0.678684
0.699354
0.720076
0.74082
0.761553
0.782239
0.802844
0.823334
0.843671
0.863819
0.883742
0.9034
0.922758
0.941776
0.960418
0.978645
0.996421
1.01371
1.03047
1.04667
1.06228
1.07726
1.09157
1.10519
1.11809
1.13023
1.14159
1.15214
1.16186
1.17072
1.17871
1.18581
1.19199
1.19724
1.20156
1.20493
1.20734
1.20879
1.20928
1.20879
1.20734
1.20493
1.20156
1.19724
1.19199
1.18581
1.17871
1.17072
1.16186
1.15214
1.14159
1.13023
1.11809
1.10519
1.09157
1.07726
1.06228
1.04667
1.03047
1.01371
0.996421
0.978645
0.960418
0.941776
0.922758
0.9034
0.883742
0.863819
0.843671
0.823334
0.802844
0.782239
0.761553
0.74082
0.720076
0.699354
0.678684
0.658099
0.637627
0.617299
0.597141
0.577179
0.557438
0.537942
0.518713
0.499772
0.481137
0.462827
0.444858
0.428956
0.446283
0.463939
0.481907
0.500172
0.518713
0.537512
0.556547
0.575795
0.595233
0.614835
0.634574
0.654424
0.674354
0.694336
0.714339
0.73433
0.754276
0.774145
0.793902
0.813512
0.83294
0.85215
0.871106
0.889771
0.908109
0.926085
0.94366
0.960801
0.97747
0.993633
1.00926
1.0243
1.03875
1.05255
1.06568
1.07812
1.08982
1.10078
1.11095
1.12032
1.12887
1.13657
1.14341
1.14938
1.15444
1.15861
1.16186
1.16418
1.16558
1.16605
1.16558
1.16418
1.16186
1.15861
1.15444
1.14938
1.14341
1.13657
1.12887
1.12032
1.11095
1.10078
1.08982
1.07812
1.06568
1.05255
1.03875
1.0243
1.00926
0.993633
0.97747
0.960801
0.94366
0.926085
0.908109
0.889771
0.871106
0.85215
0.83294
0.813512
0.793902
0.774145
0.754276
0.73433
0.714339
0.694336
0.674354
0.654424
0.634574
0.614835
0.595233
0.575795
0.556547
0.537512
0.518713
0.500172
0.481907
0.463939
0.446283
0.428956
0.413292
0.429987
0.446997
0.46431
0.481907
0.499772
0.517884
0.536224
0.554769
0.573497
0.592383
0.611402
0.630526
0.649729
0.668981
0.688253
0.707514
0.726732
0.745875
0.76491
0.783804
0.802523
0.821031
0.839294
0.857278
0.874946
0.892265
0.909199
0.925713
0.941773
0.957346
0.972398
0.986897
1.00081
1.01411
1.02676
1.03874
1.05002
1.06058
1.07038
1.07941
1.08764
1.09507
1.10166
1.1074
1.11228
1.11629
1.11942
1.12167
1.12301
1.12346
1.12301
1.12167
1.11942
1.11629
1.11228
1.1074
1.10166
1.09507
1.08764
1.07941
1.07038
1.06058
1.05002
1.03874
1.02676
1.01411
1.00081
0.986897
0.972398
0.957346
0.941773
0.925713
0.909199
0.892265
0.874946
0.857278
0.839294
0.821031
0.802523
0.783804
0.76491
0.745875
0.726732
0.707514
0.688253
0.668981
0.649729
0.630526
0.611402
0.592383
0.573497
0.554769
0.536224
0.517884
0.499772
0.481907
0.46431
0.446997
0.429987
0.413292
0.397882
0.413954
0.43033
0.446997
0.463939
0.481137
0.498574
0.51623
0.534084
0.552113
0.570295
0.588604
0.607016
0.625502
0.644036
0.66259
0.681132
0.699633
0.718063
0.736388
0.754577
0.772598
0.790415
0.807998
0.82531
0.84232
0.858993
0.875295
0.891193
0.906655
0.921647
0.936137
0.950095
0.963491
0.976293
0.988475
1.00001
1.01087
1.02103
1.03046
1.03916
1.04708
1.05423
1.06057
1.0661
1.0708
1.07467
1.07768
1.07984
1.08113
1.08157
1.08113
1.07984
1.07768
1.07467
1.0708
1.0661
1.06057
1.05423
1.04708
1.03916
1.03046
1.02103
1.01087
1.00001
0.988475
0.976293
0.963491
0.950095
0.936137
0.921647
0.906655
0.891193
0.875295
0.858993
0.84232
0.82531
0.807998
0.790415
0.772598
0.754577
0.736388
0.718063
0.699633
0.681132
0.66259
0.644036
0.625502
0.607016
0.588604
0.570295
0.552113
0.534084
0.51623
0.498574
0.481137
0.463939
0.446997
0.43033
0.413954
0.397882
0.38274
0.3982
0.413954
0.429987
0.446283
0.462827
0.479601
0.496585
0.513759
0.531102
0.548592
0.566204
0.583915
0.601698
0.619526
0.637373
0.65521
0.673007
0.690735
0.708363
0.72586
0.743194
0.760333
0.777246
0.7939
0.810262
0.8263
0.841981
0.857275
0.872147
0.886569
0.900508
0.913935
0.92682
0.939135
0.950853
0.961947
0.972393
0.982165
0.991243
0.999605
1.00723
1.0141
1.02021
1.02553
1.03005
1.03376
1.03666
1.03874
1.03998
1.0404
1.03998
1.03874
1.03666
1.03376
1.03005
1.02553
1.02021
1.0141
1.00723
0.999605
0.991243
0.982165
0.972393
0.961947
0.950853
0.939135
0.92682
0.913935
0.900508
0.886569
0.872147
0.857275
0.841981
0.8263
0.810262
0.7939
0.777246
0.760333
0.743194
0.72586
0.708363
0.690735
0.673007
0.65521
0.637373
0.619526
0.601698
0.583915
0.566204
0.548592
0.531102
0.513759
0.496585
0.479601
0.462827
0.446283
0.429987
0.413954
0.3982
0.38274
0.367879
0.38274
0.397882
0.413292
0.428956
0.444858
0.46098
0.477305
0.493812
0.510482
0.527292
0.544221
0.561244
0.578336
0.595473
0.612626
0.62977
0.646876
0.663916
0.680859
0.697676
0.714337
0.730811
0.747067
0.763074
0.778801
0.794216
0.809288
0.823987
0.838283
0.852144
0.865541
0.878447
0.890831
0.902668
0.913931
0.924595
0.934634
0.944027
0.952753
0.960789
0.968119
0.974725
0.980591
0.985703
0.99005
0.99362
0.996406
0.998401
0.9996
1
0.9996
0.998401
0.996406
0.99362
0.99005
0.985703
0.980591
0.974725
0.968119
0.960789
0.952753
0.944027
0.934634
0.924595
0.913931
0.902668
0.890831
0.878447
0.865541
0.852144
0.838283
0.823987
0.809288
0.794216
0.778801
0.763074
0.747067
0.730811
0.714337
0.697676
0.680859
0.663916
0.646876
0.62977
0.612626
0.595473
0.578336
0.561244
0.544221
0.527292
0.510482
0.493812
0.477305
0.46098
0.444858
0.428956
0.413292
0.397882
0.38274
0.367879
