100
100
-1
1
0.02
-1
1
0.02
0.367879
0.38274
0.397882
0.413292
0.428956
0.444858
0.46098
0.477305
0.493812
0.510482
0.527292
0.544221
0.561244
0.578336
0.595473
0.612626
0.62977
0.646876
0.663916
0.680859
0.697676
0.714337
0.730811
0.747067
0.763074
0.778801
0.794216
0.809288
0.823987
0.838283
0.852144
0.865541
0.878447
0.890831
0.902668
0.913931
0.924595
0.934634
0.944027
0.952753
0.960789
0.968119
0.974725
0.980591
0.985703
0.99005
0.99362
0.996406
0.998401
0.9996
1
0.9996
0.998401
0.996406
0.99362
0.99005
0.985703
0.980591
0.974725
0.968119
0.960789
0.952753
0.944027
0.934634
0.924595
0.913931
0.902668
0.890831
0.878447
0.865541
0.852144
0.838283
0.823987
0.809288
0.794216
0.778801
0.763074
0.747067
0.730811
0.714337
0.697676
0.680859
0.663916
0.646876
0.62977
0.612626
0.595473
0.578336
0.561244
0.544221
0.527292
0.510482
0.493812
0.477305
0.46098
0.444858
0.428956
0.413292
0.397882
0.38274
0.367879
0.38274
0.3982
0.413954
0.429987
0.446284
0.462828
0.479601
0.496585
0.51376
0.531103
0.548592
0.566204
0.583915
0.601698
0.619526
0.637373
0.65521
0.673007
0.690734
0.708362
0.725859
0.743193
0.760332
0.777245
0.793898
0.81026
0.826298
0.841979
0.857272
0.872145
0.886566
0.900505
0.913931
0.926816
0.939131
0.950849
0.961943
0.972388
0.982161
0.991239
0.9996
1.00723
1.0141
1.0202
1.02552
1.03004
1.03376
1.03666
1.03873
1.03998
1.04039
1.03998
1.03873
1.03666
1.03376
1.03004
1.02552
1.0202
1.0141
1.00723
0.9996
0.991239
0.982161
0.972388
0.961943
0.950849
0.939131
0.926816
0.913931
0.900505
0.886566
0.872145
0.857272
0.841979
0.826298
0.81026
0.793898
0.777245
0.760332
0.743193
0.725859
0.708362
0.690734
0.673007
0.65521
0.637373
0.619526
0.601698
0.583915
0.566204
0.548592
0.531103
0.51376
0.496585
0.479601
0.462828
0.446284
0.429987
0.413954
0.3982
0.38274
0.397882
0.413954
0.430331
0.446999
0.46394
0.481139
0.498576
0.516231
0.534085
0.552114
0.570296
0.588605
0.607016
0.625502
0.644036
0.662589
0.681131
0.699633
0.718062
0.736387
0.754575
0.772595
0.790413
0.807995
0.825307
0.842316
0.858988
0.87529
0.891188
0.906649
0.921641
0.936131
0.950089
0.963483
0.976286
0.988467
1
1.01086
1.02102
1.03045
1.03915
1.04707
1.05422
1.06056
1.06609
1.07079
1.07466
1.07767
1.07983
1.08112
1.08156
1.08112
1.07983
1.07767
1.07466
1.07079
1.06609
1.06056
1.05422
1.04707
1.03915
1.03045
1.02102
1.01086
1
0.988467
0.976286
0.963483
0.950089
0.936131
0.921641
0.906649
0.891188
0.87529
0.858988
0.842316
0.825307
0.807995
0.790413
0.772595
0.754575
0.736387
0.718062
0.699633
0.681131
0.662589
0.644036
0.625502
0.607016
0.588605
0.570296
0.552114
0.534085
0.516231
0.498576
0.481139
0.46394
0.446999
0.430331
0.413954
0.397882
0.413292
0.429987
0.446999
0.464311
0.481909
0.499774
0.517886
0.536226
0.554771
0.573498
0.592384
0.611402
0.630527
0.649729
0.668981
0.688252
0.707512
0.72673
0.745873
0.764908
0.783801
0.802519
0.821026
0.839289
0.857272
0.87494
0.892258
0.909191
0.925705
0.941765
0.957337
0.972388
0.986887
1.0008
1.0141
1.02675
1.03873
1.05001
1.06056
1.07037
1.07939
1.08763
1.09505
1.10164
1.10738
1.11227
1.11628
1.11941
1.12165
1.123
1.12345
1.123
1.12165
1.11941
1.11628
1.11227
1.10738
1.10164
1.09505
1.08763
1.07939
1.07037
1.06056
1.05001
1.03873
1.02675
1.0141
1.0008
0.986887
0.972388
0.957337
0.941765
0.925705
0.909191
0.892258
0.87494
0.857272
0.839289
0.821026
0.802519
0.783801
0.764908
0.745873
0.72673
0.707512
0.688252
0.668981
0.649729
0.630527
0.611402
0.592384
0.573498
0.554771
0.536226
0.517886
0.499774
0.481909
0.464311
0.446999
0.429987
0.413292
0.428956
0.446284
0.46394
0.481909
0.500174
0.518715
0.537514
0.556549
0.575797
0.595234
0.614836
0.634575
0.654424
0.674354
0.694336
0.714337
0.734328
0.754274
0.774142
0.793898
0.813508
0.832935
0.852144
0.871099
0.889763
0.908101
0.926075
0.94365
0.960789
0.977458
0.99362
1.00924
1.02429
1.03873
1.05253
1.06567
1.0781
1.08981
1.10076
1.11093
1.1203
1.12885
1.13655
1.14339
1.14935
1.15442
1.15859
1.16183
1.16416
1.16556
1.16602
1.16556
1.16416
1.16183
1.15859
1.15442
1.14935
1.14339
1.13655
1.12885
1.1203
1.11093
1.10076
1.08981
1.0781
1.06567
1.05253
1.03873
1.02429
1.00924
0.99362
0.977458
0.960789
0.94365
0.926075
0.908101
0.889763
0.871099
0.852144
0.832935
0.813508
0.793898
0.774142
0.754274
0.734328
0.714337
0.694336
0.674354
0.654424
0.634575
0.614836
0.595234
0.575797
0.556549
0.537514
0.518715
0.500174
0.481909
0.46394
0.446284
0.428956
0.444858
0.462828
0.481139
0.499774
0.518715
0.537944
0.55744
0.577181
0.597142
0.6173
0.637628
0.658099
0.678684
0.699353
0.720075
0.740818
0.76155
0.782235
0.80284
0.823329
0.843665
0.863812
0.883733
0.903391
0.922747
0.941765
0.960405
0.978632
0.996406
1.01369
1.03045
1.04666
1.06226
1.07724
1.09155
1.10517
1.11807
1.13021
1.14156
1.15212
1.16183
1.1707
1.17869
1.18578
1.19196
1.19722
1.20154
1.2049
1.20732
1.20877
1.20925
1.20877
1.20732
1.2049
1.20154
1.19722
1.19196
1.18578
1.17869
1.1707
1.16183
1.15212
1.14156
1.13021
1.11807
1.10517
1.09155
1.07724
1.06226
1.04666
1.03045
1.01369
0.996406
0.978632
0.960405
0.941765
0.922747
0.903391
0.883733
0.863812
0.843665
0.823329
0.80284
0.782235
0.76155
0.740818
0.720075
0.699353
0.678684
0.658099
0.637628
0.6173
0.597142
0.577181
0.55744
0.537944
0.518715
0.499774
0.481139
0.462828
0.444858
0.46098
0.479601
0.498576
0.517886
0.537514
0.55744
0.577643
0.598098
0.618783
0.639672
0.660737
0.681949
0.70328
0.724698
0.746171
0.767666
0.789149
0.810584
0.831936
0.853167
0.87424
0.895118
0.915761
0.936131
0.956189
0.975895
0.995212
1.0141
1.03252
1.05043
1.0678
1.08459
1.10076
1.11628
1.13111
1.14522
1.15859
1.17117
1.18294
1.19387
1.20394
1.21313
1.2214
1.22875
1.23516
1.24061
1.24508
1.24857
1.25107
1.25257
1.25307
1.25257
1.25107
1.24857
1.24508
1.24061
1.23516
1.22875
1.2214
1.21313
1.20394
1.19387
1.18294
1.17117
1.15859
1.14522
1.13111
1.11628
1.10076
1.08459
1.0678
1.05043
1.03252
1.0141
0.995212
0.975895
0.956189
0.936131
0.915761
0.895118
0.87424
0.853167
0.831936
0.810584
0.789149
0.767666
0.746171
0.724698
0.70328
0.681949
0.660737
0.639672
0.618783
0.598098
0.577643
0.55744
0.537514
0.517886
0.498576
0.479601
0.46098
0.477305
0.496585
0.516231
0.536226
0.556549
0.577181
0.598098
0.619279
0.640696
0.662324
0.684135
0.706099
0.728185
0.750362
0.772595
0.794851
0.817095
0.839289
0.861397
0.88338
0.905199
0.926816
0.94819
0.969282
0.99005
1.01045
1.03045
1.05001
1.06908
1.08763
1.10561
1.123
1.13974
1.15581
1.17117
1.18578
1.19961
1.21264
1.22483
1.23615
1.24658
1.25609
1.26466
1.27227
1.2789
1.28454
1.28917
1.29279
1.29537
1.29693
1.29745
1.29693
1.29537
1.29279
1.28917
1.28454
1.2789
1.27227
1.26466
1.25609
1.24658
1.23615
1.22483
1.21264
1.19961
1.18578
1.17117
1.15581
1.13974
1.123
1.10561
1.08763
1.06908
1.05001
1.03045
1.01045
0.99005
0.969282
0.94819
0.926816
0.905199
0.88338
0.861397
0.839289
0.817095
0.794851
0.772595
0.750362
0.728185
0.706099
0.684135
0.662324
0.640696
0.619279
0.598098
0.577181
0.556549
0.536226
0.516231
0.496585
0.477305
0.493812
0.51376
0.534085
0.554771
0.575797
0.597142
0.618783
0.640696
0.662854
0.685231
0.707796
0.730519
0.753369
0.776313
0.799315
0.822341
0.845354
0.868316
0.891188
0.913931
0.936505
0.95887
0.980983
1.0028
1.02429
1.0454
1.06609
1.08632
1.10606
1.12524
1.14385
1.16183
1.17916
1.19578
1.21167
1.22679
1.2411
1.25458
1.26719
1.2789
1.28969
1.29953
1.30839
1.31627
1.32313
1.32896
1.33376
1.3375
1.34017
1.34178
1.34232
1.34178
1.34017
1.3375
1.33376
1.32896
1.32313
1.31627
1.30839
1.29953
1.28969
1.2789
1.26719
1.25458
1.2411
1.22679
1.21167
1.19578
1.17916
1.16183
1.14385
1.12524
1.10606
1.08632
1.06609
1.0454
1.02429
1.0028
0.980983
0.95887
0.936505
0.913931
0.891188
0.868316
0.845354
0.822341
0.799315
0.776313
0.753369
0.730519
0.707796
0.685231
0.662854
0.640696
0.618783
0.597142
0.575797
0.554771
0.534085
0.51376
0.493812
0.510482
0.531103
0.552114
0.573498
0.595234
0.6173
0.639672
0.662324
0.685231
0.708362
0.731689
0.755179
0.778801
0.802519
0.826298
0.850101
0.873891
0.897628
0.921272
0.944783
0.968119
0.991239
1.0141
1.03666
1.05887
1.08069
1.10208
1.123
1.14339
1.16323
1.18246
1.20105
1.21896
1.23615
1.25257
1.2682
1.283
1.29693
1.30996
1.32207
1.33322
1.3434
1.35256
1.3607
1.3678
1.37383
1.37878
1.38265
1.38542
1.38708
1.38763
1.38708
1.38542
1.38265
1.37878
1.37383
1.3678
1.3607
1.35256
1.3434
1.33322
1.32207
1.30996
1.29693
1.283
1.2682
1.25257
1.23615
1.21896
1.20105
1.18246
1.16323
1.14339
1.123
1.10208
1.08069
1.05887
1.03666
1.0141
0.991239
0.968119
0.944783
0.921272
0.897628
0.873891
0.850101
0.826298
0.802519
0.778801
0.755179
0.731689
0.708362
0.685231
0.662324
0.639672
0.6173
0.595234
0.573498
0.552114
0.531103
0.510482
0.527292
0.548592
0.570296
0.592384
0.614836
0.637628
0.660737
0.684135
0.707796
0.731689
0.755784
0.780048
0.804447
0.828946
0.853508
0.878095
0.902668
0.927187
0.95161
0.975895
1
1.02388
1.04749
1.07079
1.09374
1.11628
1.13837
1.15998
1.18105
1.20154
1.2214
1.24061
1.2591
1.27685
1.29382
1.30996
1.32525
1.33964
1.3531
1.36561
1.37713
1.38763
1.3971
1.40551
1.41284
1.41907
1.42419
1.42818
1.43104
1.43276
1.43333
1.43276
1.43104
1.42818
1.42419
1.41907
1.41284
1.40551
1.3971
1.38763
1.37713
1.36561
1.3531
1.33964
1.32525
1.30996
1.29382
1.27685
1.2591
1.24061
1.2214
1.20154
1.18105
1.15998
1.13837
1.11628
1.09374
1.07079
1.04749
1.02388
1
0.975895
0.95161
0.927187
0.902668
0.878095
0.853508
0.828946
0.804447
0.780048
0.755784
0.731689
0.707796
0.684135
0.660737
0.637628
0.614836
0.592384
0.570296
0.548592
0.527292
0.544221
0.566204
0.588605
0.611402
0.634575
0.658099
0.681949
0.706099
0.730519
0.755179
0.780048
0.805091
0.830274
0.855559
0.88091
0.906286
0.931648
0.956954
0.982161
1.00723
1.0321
1.05675
1.08112
1.10517
1.12885
1.15212
1.17492
1.19722
1.21896
1.24011
1.26062
1.28044
1.29953
1.31785
1.33536
1.35202
1.3678
1.38265
1.39654
1.40945
1.42134
1.43218
1.44196
1.45063
1.4582
1.46463
1.46991
1.47403
1.47698
1.47875
1.47935
1.47875
1.47698
1.47403
1.46991
1.46463
1.4582
1.45063
1.44196
1.43218
1.42134
1.40945
1.39654
1.38265
1.3678
1.35202
1.33536
1.31785
1.29953
1.28044
1.26062
1.24011
1.21896
1.19722
1.17492
1.15212
1.12885
1.10517
1.08112
1.05675
1.0321
1.00723
0.982161
0.956954
0.931648
0.906286
0.88091
0.855559
0.830274
0.805091
0.780048
0.755179
0.730519
0.706099
0.681949
0.658099
0.634575
0.611402
0.588605
0.566204
0.544221
0.561244
0.583915
0.607016
0.630527
0.654424
0.678684
0.70328
0.728185
0.753369
0.778801
0.804447
0.830274
0.856244
0.88232
0.908464
0.934634
0.960789
0.986887
1.01288
1.03873
1.06439
1.08981
1.11494
1.13974
1.16416
1.18815
1.21167
1.23467
1.25709
1.2789
1.30005
1.32049
1.34017
1.35907
1.37713
1.39431
1.41058
1.4259
1.44023
1.45354
1.4658
1.47698
1.48706
1.49601
1.50381
1.51044
1.51589
1.52014
1.52318
1.52501
1.52562
1.52501
1.52318
1.52014
1.51589
1.51044
1.50381
1.49601
1.48706
1.47698
1.4658
1.45354
1.44023
1.4259
1.41058
1.39431
1.37713
1.35907
1.34017
1.32049
1.30005
1.2789
1.25709
1.23467
1.21167
1.18815
1.16416
1.13974
1.11494
1.08981
1.06439
1.03873
1.01288
0.986887
0.960789
0.934634
0.908464
0.88232
0.856244
0.830274
0.804447
0.778801
0.753369
0.728185
0.70328
0.678684
0.654424
0.630527
0.607016
0.583915
0.561244
0.578336
0.601698
0.625502
0.649729
0.674354
0.699353
0.724698
0.750362
0.776313
0.802519
0.828946
0.855559
0.88232
0.909191
0.936131
0.963098
0.99005
1.01694
1.04373
1.07037
1.0968
1.123
1.14889
1.17445
1.19961
1.22434
1.24857
1.27227
1.29537
1.31785
1.33964
1.3607
1.38099
1.40046
1.41907
1.43677
1.45354
1.46932
1.48409
1.4978
1.51044
1.52196
1.53235
1.54157
1.5496
1.55644
1.56205
1.56643
1.56957
1.57145
1.57208
1.57145
1.56957
1.56643
1.56205
1.55644
1.5496
1.54157
1.53235
1.52196
1.51044
1.4978
1.48409
1.46932
1.45354
1.43677
1.41907
1.40046
1.38099
1.3607
1.33964
1.31785
1.29537
1.27227
1.24857
1.22434
1.19961
1.17445
1.14889
1.123
1.0968
1.07037
1.04373
1.01694
0.99005
0.963098
0.936131
0.909191
0.88232
0.855559
0.828946
0.802519
0.776313
0.750362
0.724698
0.699353
0.674354
0.649729
0.625502
0.601698
0.578336
0.595473
0.619526
0.644036
0.668981
0.694336
0.720075
0.746171
0.772595
0.799315
0.826298
0.853508
0.88091
0.908464
0.936131
0.963869
0.991635
1.01939
1.04707
1.07466
1.10208
1.1293
1.15627
1.18294
1.20925
1.23516
1.26062
1.28557
1.30996
1.33376
1.3569
1.37933
1.40102
1.42191
1.44196
1.46112
1.47935
1.49661
1.51286
1.52806
1.54218
1.55519
1.56706
1.57775
1.58725
1.59552
1.60256
1.60834
1.61285
1.61607
1.61801
1.61866
1.61801
1.61607
1.61285
1.60834
1.60256
1.59552
1.58725
1.57775
1.56706
1.55519
1.54218
1.52806
1.51286
1.49661
1.47935
1.46112
1.44196
1.42191
1.40102
1.37933
1.3569
1.33376
1.30996
1.28557
1.26062
1.23516
1.20925
1.18294
1.15627
1.1293
1.10208
1.07466
1.04707
1.01939
0.991635
0.963869
0.936131
0.908464
0.88091
0.853508
0.826298
0.799315
0.772595
0.746171
0.720075
0.694336
0.668981
0.644036
0.619526
0.595473
0.612626
0.637373
0.662589
0.688252
0.714337
0.740818
0.767666
0.794851
0.822341
0.850101
0.878095
0.906286
0.934634
0.963098
0.991635
1.0202
1.04875
1.07724
1.10561
1.13383
1.16183
1.18958
1.21701
1.24408
1.27074
1.29693
1.3226
1.3477
1.37218
1.39598
1.41907
1.44138
1.46287
1.48349
1.50321
1.52196
1.53972
1.55644
1.57208
1.58661
1.59999
1.6122
1.6232
1.63297
1.64148
1.64872
1.65467
1.65931
1.66263
1.66463
1.66529
1.66463
1.66263
1.65931
1.65467
1.64872
1.64148
1.63297
1.6232
1.6122
1.59999
1.58661
1.57208
1.55644
1.53972
1.52196
1.50321
1.48349
1.46287
1.44138
1.41907
1.39598
1.37218
1.3477
1.3226
1.29693
1.27074
1.24408
1.21701
1.18958
1.16183
1.13383
1.10561
1.07724
1.04875
1.0202
0.991635
0.963098
0.934634
0.906286
0.878095
0.850101
0.822341
0.794851
0.767666
0.740818
0.714337
0.688252
0.662589
0.637373
0.612626
0.62977
0.65521
0.681131
0.707512
0.734328
0.76155
0.789149
0.817095
0.845354
0.873891
0.902668
0.931648
0.960789
0.99005
1.01939
1.04875
1.0781
1.10738
1.13655
1.16556
1.19435
1.22287
1.25107
1.2789
1.3063
1.33322
1.35961
1.38542
1.41058
1.43505
1.45878
1.48171
1.50381
1.52501
1.54527
1.56455
1.58281
1.59999
1.61607
1.63101
1.64477
1.65732
1.66863
1.67867
1.68742
1.69486
1.70097
1.70574
1.70916
1.71121
1.71189
1.71121
1.70916
1.70574
1.70097
1.69486
1.68742
1.67867
1.66863
1.65732
1.64477
1.63101
1.61607
1.59999
1.58281
1.56455
1.54527
1.52501
1.50381
1.48171
1.45878
1.43505
1.41058
1.38542
1.35961
1.33322
1.3063
1.2789
1.25107
1.22287
1.19435
1.16556
1.13655
1.10738
1.0781
1.04875
1.01939
0.99005
0.960789
0.931648
0.902668
0.873891
0.845354
0.817095
0.789149
0.76155
0.734328
0.707512
0.681131
0.65521
0.62977
0.646876
0.673007
0.699633
0.72673
0.754274
0.782235
0.810584
0.839289
0.868316
0.897628
0.927187
0.956954
0.986887
1.01694
1.04707
1.07724
1.10738
1.13746
1.16742
1.19722
1.22679
1.25609
1.28505
1.31364
1.34178
1.36944
1.39654
1.42305
1.44889
1.47403
1.4984
1.52196
1.54465
1.56643
1.58725
1.60705
1.6258
1.64345
1.65997
1.67531
1.68944
1.70233
1.71395
1.72426
1.73325
1.7409
1.74717
1.75207
1.75558
1.75769
1.75839
1.75769
1.75558
1.75207
1.74717
1.7409
1.73325
1.72426
1.71395
1.70233
1.68944
1.67531
1.65997
1.64345
1.6258
1.60705
1.58725
1.56643
1.54465
1.52196
1.4984
1.47403
1.44889
1.42305
1.39654
1.36944
1.34178
1.31364
1.28505
1.25609
1.22679
1.19722
1.16742
1.13746
1.10738
1.07724
1.04707
1.01694
0.986887
0.956954
0.927187
0.897628
0.868316
0.839289
0.810584
0.782235
0.754274
0.72673
0.699633
0.673007
0.646876
0.663916
0.690734
0.718062
0.745873
0.774142
0.80284
0.831936
0.861397
0.891188
0.921272
0.95161
0.982161
1.01288
1.04373
1.07466
1.10561
1.13655
1.16742
1.19818
1.22875
1.2591
1.28917
1.3189
1.34824
1.37713
1.40551
1.43333
1.46053
1.48706
1.51286
1.53787
1.56205
1.58534
1.60769
1.62905
1.64938
1.66863
1.68674
1.7037
1.71944
1.73395
1.74717
1.7591
1.76968
1.77891
1.78675
1.7932
1.79822
1.80182
1.80399
1.80471
1.80399
1.80182
1.79822
1.7932
1.78675
1.77891
1.76968
1.7591
1.74717
1.73395
1.71944
1.7037
1.68674
1.66863
1.64938
1.62905
1.60769
1.58534
1.56205
1.53787
1.51286
1.48706
1.46053
1.43333
1.40551
1.37713
1.34824
1.3189
1.28917
1.2591
1.22875
1.19818
1.16742
1.13655
1.10561
1.07466
1.04373
1.01288
0.982161
0.95161
0.921272
0.891188
0.861397
0.831936
0.80284
0.774142
0.745873
0.718062
0.690734
0.663916
0.680859
0.708362
0.736387
0.764908
0.793898
0.823329
0.853167
0.88338
0.913931
0.944783
0.975895
1.00723
1.03873
1.07037
1.10208
1.13383
1.16556
1.19722
1.22875
1.26011
1.29124
1.32207
1.35256
1.38265
1.41227
1.44138
1.46991
1.4978
1.52501
1.55147
1.57712
1.60192
1.6258
1.64872
1.67063
1.69147
1.71121
1.72979
1.74717
1.76332
1.7782
1.79176
1.80399
1.81484
1.82431
1.83235
1.83896
1.84412
1.84781
1.85003
1.85077
1.85003
1.84781
1.84412
1.83896
1.83235
1.82431
1.81484
1.80399
1.79176
1.7782
1.76332
1.74717
1.72979
1.71121
1.69147
1.67063
1.64872
1.6258
1.60192
1.57712
1.55147
1.52501
1.4978
1.46991
1.44138
1.41227
1.38265
1.35256
1.32207
1.29124
1.26011
1.22875
1.19722
1.16556
1.13383
1.10208
1.07037
1.03873
1.00723
0.975895
0.944783
0.913931
0.88338
0.853167
0.823329
0.793898
0.764908
0.736387
0.708362
0.680859
0.697676
0.725859
0.754575
0.783801
0.813508
0.843665
0.87424
0.905199
0.936505
0.968119
1
1.0321
1.06439
1.0968
1.1293
1.16183
1.19435
1.22679
1.2591
1.29124
1.32313
1.35473
1.38597
1.4168
1.44716
1.47698
1.50622
1.5348
1.56268
1.58979
1.61607
1.64148
1.66596
1.68944
1.71189
1.73325
1.75348
1.77252
1.79033
1.80688
1.82212
1.83602
1.84855
1.85967
1.86937
1.87761
1.88438
1.88967
1.89345
1.89572
1.89648
1.89572
1.89345
1.88967
1.88438
1.87761
1.86937
1.85967
1.84855
1.83602
1.82212
1.80688
1.79033
1.77252
1.75348
1.73325
1.71189
1.68944
1.66596
1.64148
1.61607
1.58979
1.56268
1.5348
1.50622
1.47698
1.44716
1.4168
1.38597
1.35473
1.32313
1.29124
1.2591
1.22679
1.19435
1.16183
1.1293
1.0968
1.06439
1.0321
1
0.968119
0.936505
0.905199
0.87424
0.843665
0.813508
0.783801
0.754575
0.725859
0.697676
0.714337
0.743193
0.772595
0.802519
0.832935
0.863812
0.895118
0.926816
0.95887
0.991239
1.02388
1.05675
1.08981
1.123
1.15627
1.18958
1.22287
1.25609
1.28917
1.32207
1.35473
1.38708
1.41907
1.45063
1.48171
1.51225
1.54218
1.57145
1.59999
1.62775
1.65467
1.68068
1.70574
1.72979
1.75277
1.77464
1.79535
1.81484
1.83308
1.85003
1.86563
1.87987
1.89269
1.90408
1.91401
1.92245
1.92938
1.93479
1.93867
1.94099
1.94177
1.94099
1.93867
1.93479
1.92938
1.92245
1.91401
1.90408
1.89269
1.87987
1.86563
1.85003
1.83308
1.81484
1.79535
1.77464
1.75277
1.72979
1.70574
1.68068
1.65467
1.62775
1.59999
1.57145
1.54218
1.51225
1.48171
1.45063
1.41907
1.38708
1.35473
1.32207
1.28917
1.25609
1.22287
1.18958
1.15627
1.123
1.08981
1.05675
1.02388
0.991239
0.95887
0.926816
0.895118
0.863812
0.832935
0.802519
0.772595
0.743193
0.714337
0.730811
0.760332
0.790413
0.821026
0.852144
0.883733
0.915761
0.94819
0.980983
1.0141
1.04749
1.08112
1.11494
1.14889
1.18294
1.21701
1.25107
1.28505
1.3189
1.35256
1.38597
1.41907
1.45179
1.48409
1.51589
1.54713
1.57775
1.60769
1.63689
1.66529
1.69283
1.71944
1.74508
1.76968
1.7932
1.81557
1.83675
1.8567
1.87536
1.89269
1.90866
1.92322
1.93634
1.94799
1.95815
1.96678
1.97388
1.97941
1.98338
1.98576
1.98655
1.98576
1.98338
1.97941
1.97388
1.96678
1.95815
1.94799
1.93634
1.92322
1.90866
1.89269
1.87536
1.8567
1.83675
1.81557
1.7932
1.76968
1.74508
1.71944
1.69283
1.66529
1.63689
1.60769
1.57775
1.54713
1.51589
1.48409
1.45179
1.41907
1.38597
1.35256
1.3189
1.28505
1.25107
1.21701
1.18294
1.14889
1.11494
1.08112
1.04749
1.0141
0.980983
0.94819
0.915761
0.883733
0.852144
0.821026
0.790413
0.760332
0.730811
0.747067
0.777245
0.807995
0.839289
0.871099
0.903391
0.936131
0.969282
1.0028
1.03666
1.07079
1.10517
1.13974
1.17445
1.20925
1.24408
1.2789
1.31364
1.34824
1.38265
1.4168
1.45063
1.48409
1.5171
1.5496
1.58154
1.61285
1.64345
1.6733
1.70233
1.73048
1.75769
1.7839
1.80905
1.83308
1.85596
1.87761
1.898
1.91707
1.93479
1.95111
1.966
1.97941
1.99132
2.00171
2.01053
2.01778
2.02344
2.02749
2.02993
2.03074
2.02993
2.02749
2.02344
2.01778
2.01053
2.00171
1.99132
1.97941
1.966
1.95111
1.93479
1.91707
1.898
1.87761
1.85596
1.83308
1.80905
1.7839
1.75769
1.73048
1.70233
1.6733
1.64345
1.61285
1.58154
1.5496
1.5171
1.48409
1.45063
1.4168
1.38265
1.34824
1.31364
1.2789
1.24408
1.20925
1.17445
1.13974
1.10517
1.07079
1.03666
1.0028
0.969282
0.936131
0.903391
0.871099
0.839289
0.807995
0.777245
0.747067
0.763074
0.793898
0.825307
0.857272
0.889763
0.922747
0.956189
0.99005
1.02429
1.05887
1.09374
1.12885
1.16416
1.19961
1.23516
1.27074
1.3063
1.34178
1.37713
1.41227
1.44716
1.48171
1.51589
1.5496
1.58281
1.61543
1.6474
1.67867
1.70916
1.73881
1.76756
1.79535
1.82212
1.84781
1.87236
1.89572
1.91784
1.93867
1.95815
1.97625
1.99292
2.00812
2.02182
2.03399
2.0446
2.05361
2.06102
2.0668
2.07093
2.07342
2.07425
2.07342
2.07093
2.0668
2.06102
2.05361
2.0446
2.03399
2.02182
2.00812
1.99292
1.97625
1.95815
1.93867
1.91784
1.89572
1.87236
1.84781
1.82212
1.79535
1.76756
1.73881
1.70916
1.67867
1.6474
1.61543
1.58281
1.5496
1.51589
1.48171
1.44716
1.41227
1.37713
1.34178
1.3063
1.27074
1.23516
1.19961
1.16416
1.12885
1.09374
1.05887
1.02429
0.99005
0.956189
0.922747
0.889763
0.857272
0.825307
0.793898
0.763074
0.778801
0.81026
0.842316
0.87494
0.908101
0.941765
0.975895
1.01045
1.0454
1.08069
1.11628
1.15212
1.18815
1.22434
1.26062
1.29693
1.33322
1.36944
1.40551
1.44138
1.47698
1.51225
1.54713
1.58154
1.61543
1.64872
1.68135
1.71326
1.74438
1.77464
1.80399
1.83235
1.85967
1.88589
1.91095
1.93479
1.95737
1.97862
1.99851
2.01698
2.03399
2.04951
2.06349
2.07591
2.08673
2.09594
2.10349
2.10939
2.11362
2.11615
2.117
2.11615
2.11362
2.10939
2.10349
2.09594
2.08673
2.07591
2.06349
2.04951
2.03399
2.01698
1.99851
1.97862
1.95737
1.93479
1.91095
1.88589
1.85967
1.83235
1.80399
1.77464
1.74438
1.71326
1.68135
1.64872
1.61543
1.58154
1.54713
1.51225
1.47698
1.44138
1.40551
1.36944
1.33322
1.29693
1.26062
1.22434
1.18815
1.15212
1.11628
1.08069
1.0454
1.01045
0.975895
0.941765
0.908101
0.87494
0.842316
0.81026
0.778801
0.794216
0.826298
0.858988
0.892258
0.926075
0.960405
0.995212
1.03045
1.06609
1.10208
1.13837
1.17492
1.21167
1.24857
1.28557
1.3226
1.35961
1.39654
1.43333
1.46991
1.50622
1.54218
1.57775
1.61285
1.6474
1.68135
1.71463
1.74717
1.77891
1.80977
1.8397
1.86862
1.89648
1.92322
1.94877
1.97309
1.99611
2.01778
2.03806
2.0569
2.07425
2.09008
2.10434
2.117
2.12804
2.13742
2.14513
2.15114
2.15545
2.15804
2.1589
2.15804
2.15545
2.15114
2.14513
2.13742
2.12804
2.117
2.10434
2.09008
2.07425
2.0569
2.03806
2.01778
1.99611
1.97309
1.94877
1.92322
1.89648
1.86862
1.8397
1.80977
1.77891
1.74717
1.71463
1.68135
1.6474
1.61285
1.57775
1.54218
1.50622
1.46991
1.43333
1.39654
1.35961
1.3226
1.28557
1.24857
1.21167
1.17492
1.13837
1.10208
1.06609
1.03045
0.995212
0.960405
0.926075
0.892258
0.858988
0.826298
0.794216
0.809288
0.841979
0.87529
0.909191
0.94365
0.978632
1.0141
1.05001
1.08632
1.123
1.15998
1.19722
1.23467
1.27227
1.30996
1.3477
1.38542
1.42305
1.46053
1.4978
1.5348
1.57145
1.60769
1.64345
1.67867
1.71326
1.74717
1.78033
1.81267
1.84412
1.87461
1.90408
1.93247
1.95972
1.98576
2.01053
2.03399
2.05608
2.07674
2.09594
2.11362
2.12974
2.14427
2.15718
2.16842
2.17798
2.18584
2.19197
2.19636
2.19899
2.19987
2.19899
2.19636
2.19197
2.18584
2.17798
2.16842
2.15718
2.14427
2.12974
2.11362
2.09594
2.07674
2.05608
2.03399
2.01053
1.98576
1.95972
1.93247
1.90408
1.87461
1.84412
1.81267
1.78033
1.74717
1.71326
1.67867
1.64345
1.60769
1.57145
1.5348
1.4978
1.46053
1.42305
1.38542
1.3477
1.30996
1.27227
1.23467
1.19722
1.15998
1.123
1.08632
1.05001
1.0141
0.978632
0.94365
0.909191
0.87529
0.841979
0.809288
0.823987
0.857272
0.891188
0.925705
0.960789
0.996406
1.03252
1.06908
1.10606
1.14339
1.18105
1.21896
1.25709
1.29537
1.33376
1.37218
1.41058
1.44889
1.48706
1.52501
1.56268
1.59999
1.63689
1.6733
1.70916
1.74438
1.77891
1.81267
1.84559
1.87761
1.90866
1.93867
1.96757
1.99531
2.02182
2.04705
2.07093
2.09342
2.11446
2.134
2.15201
2.16842
2.18322
2.19636
2.20781
2.21754
2.22554
2.23178
2.23625
2.23893
2.23983
2.23893
2.23625
2.23178
2.22554
2.21754
2.20781
2.19636
2.18322
2.16842
2.15201
2.134
2.11446
2.09342
2.07093
2.04705
2.02182
1.99531
1.96757
1.93867
1.90866
1.87761
1.84559
1.81267
1.77891
1.74438
1.70916
1.6733
1.63689
1.59999
1.56268
1.52501
1.48706
1.44889
1.41058
1.37218
1.33376
1.29537
1.25709
1.21896
1.18105
1.14339
1.10606
1.06908
1.03252
0.996406
0.960789
0.925705
0.891188
0.857272
0.823987
0.838283
0.872145
0.906649
0.941765
0.977458
1.01369
1.05043
1.08763
1.12524
1.16323
1.20154
1.24011
1.2789
1.31785
1.3569
1.39598
1.43505
1.47403
1.51286
1.55147
1.58979
1.62775
1.66529
1.70233
1.73881
1.77464
1.80977
1.84412
1.87761
1.91018
1.94177
1.9723
2.00171
2.02993
2.0569
2.08256
2.10686
2.12974
2.15114
2.17103
2.18934
2.20604
2.22109
2.23446
2.24611
2.25602
2.26415
2.2705
2.27505
2.27778
2.27869
2.27778
2.27505
2.2705
2.26415
2.25602
2.24611
2.23446
2.22109
2.20604
2.18934
2.17103
2.15114
2.12974
2.10686
2.08256
2.0569
2.02993
2.00171
1.9723
1.94177
1.91018
1.87761
1.84412
1.80977
1.77464
1.73881
1.70233
1.66529
1.62775
1.58979
1.55147
1.51286
1.47403
1.43505
1.39598
1.3569
1.31785
1.2789
1.24011
1.20154
1.16323
1.12524
1.08763
1.05043
1.01369
0.977458
0.941765
0.906649
0.872145
0.838283
0.852144
0.886566
0.921641
0.957337
0.99362
1.03045
1.0678
1.10561
1.14385
1.18246
1.2214
1.26062
1.30005
1.33964
1.37933
1.41907
1.45878
1.4984
1.53787
1.57712
1.61607
1.65467
1.69283
1.73048
1.76756
1.80399
1.8397
1.87461
1.90866
1.94177
1.97388
2.00491
2.03481
2.06349
2.09091
2.117
2.1417
2.16496
2.18671
2.20692
2.22554
2.24252
2.25782
2.27141
2.28325
2.29332
2.30159
2.30804
2.31266
2.31544
2.31637
2.31544
2.31266
2.30804
2.30159
2.29332
2.28325
2.27141
2.25782
2.24252
2.22554
2.20692
2.18671
2.16496
2.1417
2.117
2.09091
2.06349
2.03481
2.00491
1.97388
1.94177
1.90866
1.87461
1.8397
1.80399
1.76756
1.73048
1.69283
1.65467
1.61607
1.57712
1.53787
1.4984
1.45878
1.41907
1.37933
1.33964
1.30005
1.26062
1.2214
1.18246
1.14385
1.10561
1.0678
1.03045
0.99362
0.957337
0.921641
0.886566
0.852144
0.865541
0.900505
0.936131
0.972388
1.00924
1.04666
1.08459
1.123
1.16183
1.20105
1.24061
1.28044
1.32049
1.3607
1.40102
1.44138
1.48171
1.52196
1.56205
1.60192
1.64148
1.68068
1.71944
1.75769
1.79535
1.83235
1.86862
1.90408
1.93867
1.9723
2.00491
2.03643
2.0668
2.09594
2.12379
2.15028
2.17537
2.19899
2.22109
2.24162
2.26053
2.27778
2.29332
2.30712
2.31915
2.32938
2.33778
2.34433
2.34902
2.35184
2.35279
2.35184
2.34902
2.34433
2.33778
2.32938
2.31915
2.30712
2.29332
2.27778
2.26053
2.24162
2.22109
2.19899
2.17537
2.15028
2.12379
2.09594
2.0668
2.03643
2.00491
1.9723
1.93867
1.90408
1.86862
1.83235
1.79535
1.75769
1.71944
1.68068
1.64148
1.60192
1.56205
1.52196
1.48171
1.44138
1.40102
1.3607
1.32049
1.28044
1.24061
1.20105
1.16183
1.123
1.08459
1.04666
1.00924
0.972388
0.936131
0.900505
0.865541
0.878447
0.913931
0.950089
0.986887
1.02429
1.06226
1.10076
1.13974
1.17916
1.21896
1.2591
1.29953
1.34017
1.38099
1.42191
1.46287
1.50381
1.54465
1.58534
1.6258
1.66596
1.70574
1.74508
1.7839
1.82212
1.85967
1.89648
1.93247
1.96757
2.00171
2.03481
2.0668
2.09761
2.12719
2.15545
2.18235
2.20781
2.23178
2.25421
2.27505
2.29424
2.31174
2.32751
2.34152
2.35373
2.36411
2.37263
2.37928
2.38405
2.38691
2.38787
2.38691
2.38405
2.37928
2.37263
2.36411
2.35373
2.34152
2.32751
2.31174
2.29424
2.27505
2.25421
2.23178
2.20781
2.18235
2.15545
2.12719
2.09761
2.0668
2.03481
2.00171
1.96757
1.93247
1.89648
1.85967
1.82212
1.7839
1.74508
1.70574
1.66596
1.6258
1.58534
1.54465
1.50381
1.46287
1.42191
1.38099
1.34017
1.29953
1.2591
1.21896
1.17916
1.13974
1.10076
1.06226
1.02429
0.986887
0.950089
0.913931
0.878447
0.890831
0.926816
0.963483
1.0008
1.03873
1.07724
1.11628
1.15581
1.19578
1.23615
1.27685
1.31785
1.35907
1.40046
1.44196
1.48349
1.52501
1.56643
1.60769
1.64872
1.68944
1.72979
1.76968
1.80905
1.84781
1.88589
1.92322
1.95972
1.99531
2.02993
2.06349
2.09594
2.12719
2.15718
2.18584
2.21311
2.23893
2.26325
2.28599
2.30712
2.32658
2.34433
2.36033
2.37453
2.38691
2.39744
2.40608
2.41283
2.41766
2.42056
2.42153
2.42056
2.41766
2.41283
2.40608
2.39744
2.38691
2.37453
2.36033
2.34433
2.32658
2.30712
2.28599
2.26325
2.23893
2.21311
2.18584
2.15718
2.12719
2.09594
2.06349
2.02993
1.99531
1.95972
1.92322
1.88589
1.84781
1.80905
1.76968
1.72979
1.68944
1.64872
1.60769
1.56643
1.52501
1.48349
1.44196
1.40046
1.35907
1.31785
1.27685
1.23615
1.19578
1.15581
1.11628
1.07724
1.03873
1.0008
0.963483
0.926816
0.890831
0.902668
0.939131
0.976286
1.0141
1.05253
1.09155
1.13111
1.17117
1.21167
1.25257
1.29382
1.33536
1.37713
1.41907
1.46112
1.50321
1.54527
1.58725
1.62905
1.67063
1.71189
1.75277
1.7932
1.83308
1.87236
1.91095
1.94877
1.98576
2.02182
2.0569
2.09091
2.12379
2.15545
2.18584
2.21488
2.24252
2.26868
2.29332
2.31637
2.33778
2.3575
2.37548
2.39169
2.40608
2.41863
2.42929
2.43805
2.44489
2.44978
2.45273
2.45371
2.45273
2.44978
2.44489
2.43805
2.42929
2.41863
2.40608
2.39169
2.37548
2.3575
2.33778
2.31637
2.29332
2.26868
2.24252
2.21488
2.18584
2.15545
2.12379
2.09091
2.0569
2.02182
1.98576
1.94877
1.91095
1.87236
1.83308
1.7932
1.75277
1.71189
1.67063
1.62905
1.58725
1.54527
1.50321
1.46112
1.41907
1.37713
1.33536
1.29382
1.25257
1.21167
1.17117
1.13111
1.09155
1.05253
1.0141
0.976286
0.939131
0.902668
0.913931
0.950849
0.988467
1.02675
1.06567
1.10517
1.14522
1.18578
1.22679
1.2682
1.30996
1.35202
1.39431
1.43677
1.47935
1.52196
1.56455
1.60705
1.64938
1.69147
1.73325
1.77464
1.81557
1.85596
1.89572
1.93479
1.97309
2.01053
2.04705
2.08256
2.117
2.15028
2.18235
2.21311
2.24252
2.2705
2.29699
2.32193
2.34527
2.36694
2.38691
2.40512
2.42153
2.4361
2.4488
2.4596
2.46847
2.4754
2.48035
2.48333
2.48432
2.48333
2.48035
2.4754
2.46847
2.4596
2.4488
2.4361
2.42153
2.40512
2.38691
2.36694
2.34527
2.32193
2.29699
2.2705
2.24252
2.21311
2.18235
2.15028
2.117
2.08256
2.04705
2.01053
1.97309
1.93479
1.89572
1.85596
1.81557
1.77464
1.73325
1.69147
1.64938
1.60705
1.56455
1.52196
1.47935
1.43677
1.39431
1.35202
1.30996
1.2682
1.22679
1.18578
1.14522
1.10517
1.06567
1.02675
0.988467
0.950849
0.913931
0.924595
0.961943
1
1.03873
1.0781
1.11807
1.15859
1.19961
1.2411
1.283
1.32525
1.3678
1.41058
1.45354
1.49661
1.53972
1.58281
1.6258
1.66863
1.71121
1.75348
1.79535
1.83675
1.87761
1.91784
1.95737
1.99611
2.03399
2.07093
2.10686
2.1417
2.17537
2.20781
2.23893
2.26868
2.29699
2.32379
2.34902
2.37263
2.39456
2.41476
2.43318
2.44978
2.46453
2.47738
2.4883
2.49727
2.50428
2.50929
2.5123
2.51331
2.5123
2.50929
2.50428
2.49727
2.4883
2.47738
2.46453
2.44978
2.43318
2.41476
2.39456
2.37263
2.34902
2.32379
2.29699
2.26868
2.23893
2.20781
2.17537
2.1417
2.10686
2.07093
2.03399
1.99611
1.95737
1.91784
1.87761
1.83675
1.79535
1.75348
1.71121
1.66863
1.6258
1.58281
1.53972
1.49661
1.45354
1.41058
1.3678
1.32525
1.283
1.2411
1.19961
1.15859
1.11807
1.0781
1.03873
1
0.961943
0.924595
0.934634
0.972388
1.01086
1.05001
1.08981
1.13021
1.17117
1.21264
1.25458
1.29693
1.33964
1.38265
1.4259
1.46932
1.51286
1.55644
1.59999
1.64345
1.68674
1.72979
1.77252
1.81484
1.8567
1.898
1.93867
1.97862
2.01778
2.05608
2.09342
2.12974
2.16496
2.19899
2.23178
2.26325
2.29332
2.32193
2.34902
2.37453
2.3984
2.42056
2.44098
2.4596
2.47639
2.49129
2.50428
2.51532
2.52439
2.53147
2.53654
2.53958
2.5406
2.53958
2.53654
2.53147
2.52439
2.51532
2.50428
2.49129
2.47639
2.4596
2.44098
2.42056
2.3984
2.37453
2.34902
2.32193
2.29332
2.26325
2.23178
2.19899
2.16496
2.12974
2.09342
2.05608
2.01778
1.97862
1.93867
1.898
1.8567
1.81484
1.77252
1.72979
1.68674
1.64345
1.59999
1.55644
1.51286
1.46932
1.4259
1.38265
1.33964
1.29693
1.25458
1.21264
1.17117
1.13021
1.08981
1.05001
1.01086
0.972388
0.934634
0.944027
0.982161
1.02102
1.06056
1.10076
1.14156
1.18294
1.22483
1.26719
1.30996
1.3531
1.39654
1.44023
1.48409
1.52806
1.57208
1.61607
1.65997
1.7037
1.74717
1.79033
1.83308
1.87536
1.91707
1.95815
1.99851
2.03806
2.07674
2.11446
2.15114
2.18671
2.22109
2.25421
2.28599
2.31637
2.34527
2.37263
2.3984
2.4225
2.44489
2.46551
2.48432
2.50127
2.51633
2.52945
2.5406
2.54976
2.55691
2.56203
2.56511
2.56613
2.56511
2.56203
2.55691
2.54976
2.5406
2.52945
2.51633
2.50127
2.48432
2.46551
2.44489
2.4225
2.3984
2.37263
2.34527
2.31637
2.28599
2.25421
2.22109
2.18671
2.15114
2.11446
2.07674
2.03806
1.99851
1.95815
1.91707
1.87536
1.83308
1.79033
1.74717
1.7037
1.65997
1.61607
1.57208
1.52806
1.48409
1.44023
1.39654
1.3531
1.30996
1.26719
1.22483
1.18294
1.14156
1.10076
1.06056
1.02102
0.982161
0.944027
0.952753
0.991239
1.03045
1.07037
1.11093
1.15212
1.19387
1.23615
1.2789
1.32207
1.36561
1.40945
1.45354
1.4978
1.54218
1.58661
1.63101
1.67531
1.71944
1.76332
1.80688
1.85003
1.89269
1.93479
1.97625
2.01698
2.0569
2.09594
2.134
2.17103
2.20692
2.24162
2.27505
2.30712
2.33778
2.36694
2.39456
2.42056
2.44489
2.46749
2.4883
2.50728
2.52439
2.53958
2.55282
2.56408
2.57333
2.58054
2.58571
2.58881
2.58985
2.58881
2.58571
2.58054
2.57333
2.56408
2.55282
2.53958
2.52439
2.50728
2.4883
2.46749
2.44489
2.42056
2.39456
2.36694
2.33778
2.30712
2.27505
2.24162
2.20692
2.17103
2.134
2.09594
2.0569
2.01698
1.97625
1.93479
1.89269
1.85003
1.80688
1.76332
1.71944
1.67531
1.63101
1.58661
1.54218
1.4978
1.45354
1.40945
1.36561
1.32207
1.2789
1.23615
1.19387
1.15212
1.11093
1.07037
1.03045
0.991239
0.952753
0.960789
0.9996
1.03915
1.07939
1.1203
1.16183
1.20394
1.24658
1.28969
1.33322
1.37713
1.42134
1.4658
1.51044
1.55519
1.59999
1.64477
1.68944
1.73395
1.7782
1.82212
1.86563
1.90866
1.95111
1.99292
2.03399
2.07425
2.11362
2.15201
2.18934
2.22554
2.26053
2.29424
2.32658
2.3575
2.38691
2.41476
2.44098
2.46551
2.4883
2.50929
2.52843
2.54569
2.56101
2.57436
2.58571
2.59503
2.60231
2.60752
2.61065
2.6117
2.61065
2.60752
2.60231
2.59503
2.58571
2.57436
2.56101
2.54569
2.52843
2.50929
2.4883
2.46551
2.44098
2.41476
2.38691
2.3575
2.32658
2.29424
2.26053
2.22554
2.18934
2.15201
2.11362
2.07425
2.03399
1.99292
1.95111
1.90866
1.86563
1.82212
1.7782
1.73395
1.68944
1.64477
1.59999
1.55519
1.51044
1.4658
1.42134
1.37713
1.33322
1.28969
1.24658
1.20394
1.16183
1.1203
1.07939
1.03915
0.9996
0.960789
0.968119
1.00723
1.04707
1.08763
1.12885
1.1707
1.21313
1.25609
1.29953
1.3434
1.38763
1.43218
1.47698
1.52196
1.56706
1.6122
1.65732
1.70233
1.74717
1.79176
1.83602
1.87987
1.92322
1.966
2.00812
2.04951
2.09008
2.12974
2.16842
2.20604
2.24252
2.27778
2.31174
2.34433
2.37548
2.40512
2.43318
2.4596
2.48432
2.50728
2.52843
2.54772
2.56511
2.58054
2.594
2.60544
2.61483
2.62216
2.62741
2.63057
2.63162
2.63057
2.62741
2.62216
2.61483
2.60544
2.594
2.58054
2.56511
2.54772
2.52843
2.50728
2.48432
2.4596
2.43318
2.40512
2.37548
2.34433
2.31174
2.27778
2.24252
2.20604
2.16842
2.12974
2.09008
2.04951
2.00812
1.966
1.92322
1.87987
1.83602
1.79176
1.74717
1.70233
1.65732
1.6122
1.56706
1.52196
1.47698
1.43218
1.38763
1.3434
1.29953
1.25609
1.21313
1.1707
1.12885
1.08763
1.04707
1.00723
0.968119
0.974725
1.0141
1.05422
1.09505
1.13655
1.17869
1.2214
1.26466
1.30839
1.35256
1.3971
1.44196
1.48706
1.53235
1.57775
1.6232
1.66863
1.71395
1.7591
1.80399
1.84855
1.89269
1.93634
1.97941
2.02182
2.06349
2.10434
2.14427
2.18322
2.22109
2.25782
2.29332
2.32751
2.36033
2.39169
2.42153
2.44978
2.47639
2.50127
2.52439
2.54569
2.56511
2.58261
2.59815
2.6117
2.62321
2.63267
2.64006
2.64534
2.64852
2.64958
2.64852
2.64534
2.64006
2.63267
2.62321
2.6117
2.59815
2.58261
2.56511
2.54569
2.52439
2.50127
2.47639
2.44978
2.42153
2.39169
2.36033
2.32751
2.29332
2.25782
2.22109
2.18322
2.14427
2.10434
2.06349
2.02182
1.97941
1.93634
1.89269
1.84855
1.80399
1.7591
1.71395
1.66863
1.6232
1.57775
1.53235
1.48706
1.44196
1.3971
1.35256
1.30839
1.26466
1.2214
1.17869
1.13655
1.09505
1.05422
1.0141
0.974725
0.980591
1.0202
1.06056
1.10164
1.14339
1.18578
1.22875
1.27227
1.31627
1.3607
1.40551
1.45063
1.49601
1.54157
1.58725
1.63297
1.67867
1.72426
1.76968
1.81484
1.85967
1.90408
1.94799
1.99132
2.03399
2.07591
2.117
2.15718
2.19636
2.23446
2.27141
2.30712
2.34152
2.37453
2.40608
2.4361
2.46453
2.49129
2.51633
2.53958
2.56101
2.58054
2.59815
2.61379
2.62741
2.639
2.64852
2.65594
2.66126
2.66446
2.66552
2.66446
2.66126
2.65594
2.64852
2.639
2.62741
2.61379
2.59815
2.58054
2.56101
2.53958
2.51633
2.49129
2.46453
2.4361
2.40608
2.37453
2.34152
2.30712
2.27141
2.23446
2.19636
2.15718
2.117
2.07591
2.03399
1.99132
1.94799
1.90408
1.85967
1.81484
1.76968
1.72426
1.67867
1.63297
1.58725
1.54157
1.49601
1.45063
1.40551
1.3607
1.31627
1.27227
1.22875
1.18578
1.14339
1.10164
1.06056
1.0202
0.980591
0.985703
1.02552
1.06609
1.10738
1.14935
1.19196
1.23516
1.2789
1.32313
1.3678
1.41284
1.4582
1.50381
1.5496
1.59552
1.64148
1.68742
1.73325
1.77891
1.82431
1.86937
1.91401
1.95815
2.00171
2.0446
2.08673
2.12804
2.16842
2.20781
2.24611
2.28325
2.31915
2.35373
2.38691
2.41863
2.4488
2.47738
2.50428
2.52945
2.55282
2.57436
2.594
2.6117
2.62741
2.64111
2.65276
2.66233
2.66979
2.67514
2.67835
2.67942
2.67835
2.67514
2.66979
2.66233
2.65276
2.64111
2.62741
2.6117
2.594
2.57436
2.55282
2.52945
2.50428
2.47738
2.4488
2.41863
2.38691
2.35373
2.31915
2.28325
2.24611
2.20781
2.16842
2.12804
2.08673
2.0446
2.00171
1.95815
1.91401
1.86937
1.82431
1.77891
1.73325
1.68742
1.64148
1.59552
1.5496
1.50381
1.4582
1.41284
1.3678
1.32313
1.2789
1.23516
1.19196
1.14935
1.10738
1.06609
1.02552
0.985703
0.99005
1.03004
1.07079
1.11227
1.15442
1.19722
1.24061
1.28454
1.32896
1.37383
1.41907
1.46463
1.51044
1.55644
1.60256
1.64872
1.69486
1.7409
1.78675
1.83235
1.87761
1.92245
1.96678
2.01053
2.05361
2.09594
2.13742
2.17798
2.21754
2.25602
2.29332
2.32938
2.36411
2.39744
2.42929
2.4596
2.4883
2.51532
2.5406
2.56408
2.58571
2.60544
2.62321
2.639
2.65276
2.66446
2.67407
2.68156
2.68693
2.69016
2.69123
2.69016
2.68693
2.68156
2.67407
2.66446
2.65276
2.639
2.62321
2.60544
2.58571
2.56408
2.5406
2.51532
2.4883
2.4596
2.42929
2.39744
2.36411
2.32938
2.29332
2.25602
2.21754
2.17798
2.13742
2.09594
2.05361
2.01053
1.96678
1.92245
1.87761
1.83235
1.78675
1.7409
1.69486
1.64872
1.60256
1.55644
1.51044
1.46463
1.41907
1.37383
1.32896
1.28454
1.24061
1.19722
1.15442
1.11227
1.07079
1.03004
0.99005
0.99362
1.03376
1.07466
1.11628
1.15859
1.20154
1.24508
1.28917
1.33376
1.37878
1.42419
1.46991
1.51589
1.56205
1.60834
1.65467
1.70097
1.74717
1.7932
1.83896
1.88438
1.92938
1.97388
2.01778
2.06102
2.10349
2.14513
2.18584
2.22554
2.26415
2.30159
2.33778
2.37263
2.40608
2.43805
2.46847
2.49727
2.52439
2.54976
2.57333
2.59503
2.61483
2.63267
2.64852
2.66233
2.67407
2.68371
2.69123
2.69662
2.69986
2.70094
2.69986
2.69662
2.69123
2.68371
2.67407
2.66233
2.64852
2.63267
2.61483
2.59503
2.57333
2.54976
2.52439
2.49727
2.46847
2.43805
2.40608
2.37263
2.33778
2.30159
2.26415
2.22554
2.18584
2.14513
2.10349
2.06102
2.01778
1.97388
1.92938
1.88438
1.83896
1.7932
1.74717
1.70097
1.65467
1.60834
1.56205
1.51589
1.46991
1.42419
1.37878
1.33376
1.28917
1.24508
1.20154
1.15859
1.11628
1.07466
1.03376
0.99362
0.996406
1.03666
1.07767
1.11941
1.16183
1.2049
1.24857
1.29279
1.3375
1.38265
1.42818
1.47403
1.52014
1.56643
1.61285
1.65931
1.70574
1.75207
1.79822
1.84412
1.88967
1.93479
1.97941
2.02344
2.0668
2.10939
2.15114
2.19197
2.23178
2.2705
2.30804
2.34433
2.37928
2.41283
2.44489
2.4754
2.50428
2.53147
2.55691
2.58054
2.60231
2.62216
2.64006
2.65594
2.66979
2.68156
2.69123
2.69878
2.70418
2.70743
2.70851
2.70743
2.70418
2.69878
2.69123
2.68156
2.66979
2.65594
2.64006
2.62216
2.60231
2.58054
2.55691
2.53147
2.50428
2.4754
2.44489
2.41283
2.37928
2.34433
2.30804
2.2705
2.23178
2.19197
2.15114
2.10939
2.0668
2.02344
1.97941
1.93479
1.88967
1.84412
1.79822
1.75207
1.70574
1.65931
1.61285
1.56643
1.52014
1.47403
1.42818
1.38265
1.3375
1.29279
1.24857
1.2049
1.16183
1.11941
1.07767
1.03666
0.996406
0.998401
1.03873
1.07983
1.12165
1.16416
1.20732
1.25107
1.29537
1.34017
1.38542
1.43104
1.47698
1.52318
1.56957
1.61607
1.66263
1.70916
1.75558
1.80182
1.84781
1.89345
1.93867
1.98338
2.02749
2.07093
2.11362
2.15545
2.19636
2.23625
2.27505
2.31266
2.34902
2.38405
2.41766
2.44978
2.48035
2.50929
2.53654
2.56203
2.58571
2.60752
2.62741
2.64534
2.66126
2.67514
2.68693
2.69662
2.70418
2.7096
2.71285
2.71394
2.71285
2.7096
2.70418
2.69662
2.68693
2.67514
2.66126
2.64534
2.62741
2.60752
2.58571
2.56203
2.53654
2.50929
2.48035
2.44978
2.41766
2.38405
2.34902
2.31266
2.27505
2.23625
2.19636
2.15545
2.11362
2.07093
2.02749
1.98338
1.93867
1.89345
1.84781
1.80182
1.75558
1.70916
1.66263
1.61607
1.56957
1.52318
1.47698
1.43104
1.38542
1.34017
1.29537
1.25107
1.20732
1.16416
1.12165
1.07983
1.03873
0.998401
0.9996
1.03998
1.08112
1.123
1.16556
1.20877
1.25257
1.29693
1.34178
1.38708
1.43276
1.47875
1.52501
1.57145
1.61801
1.66463
1.71121
1.75769
1.80399
1.85003
1.89572
1.94099
1.98576
2.02993
2.07342
2.11615
2.15804
2.19899
2.23893
2.27778
2.31544
2.35184
2.38691
2.42056
2.45273
2.48333
2.5123
2.53958
2.56511
2.58881
2.61065
2.63057
2.64852
2.66446
2.67835
2.69016
2.69986
2.70743
2.71285
2.71611
2.71719
2.71611
2.71285
2.70743
2.69986
2.69016
2.67835
2.66446
2.64852
2.63057
2.61065
2.58881
2.56511
2.53958
2.5123
2.48333
2.45273
2.42056
2.38691
2.35184
2.31544
2.27778
2.23893
2.19899
2.15804
2.11615
2.07342
2.02993
1.98576
1.94099
1.89572
1.85003
1.80399
1.75769
1.71121
1.66463
1.61801
1.57145
1.52501
1.47875
1.43276
1.38708
1.34178
1.29693
1.25257
1.20877
1.16556
1.123
1.08112
1.03998
0.9996
1
1.04039
1.08156
1.12345
1.16602
1.20925
1.25307
1.29745
1.34232
1.38763
1.43333
1.47935
1.52562
1.57208
1.61866
1.66529
1.71189
1.75839
1.80471
1.85077
1.89648
1.94177
1.98655
2.03074
2.07425
2.117
2.1589
2.19987
2.23983
2.27869
2.31637
2.35279
2.38787
2.42153
2.45371
2.48432
2.51331
2.5406
2.56613
2.58985
2.6117
2.63162
2.64958
2.66552
2.67942
2.69123
2.70094
2.70851
2.71394
2.71719
2.71828
2.71719
2.71394
2.70851
2.70094
2.69123
2.67942
2.66552
2.64958
2.63162
2.6117
2.58985
2.56613
2.5406
2.51331
2.48432
2.45371
2.42153
2.38787
2.35279
2.31637
2.27869
2.23983
2.19987
2.1589
2.117
2.07425
2.03074
1.98655
1.94177
1.89648
1.85077
1.80471
1.75839
1.71189
1.66529
1.61866
1.57208
1.52562
1.47935
1.43333
1.38763
1.34232
1.29745
1.25307
1.20925
1.16602
1.12345
1.08156
1.04039
1
0.9996
1.03998
1.08112
1.123
1.16556
1.20877
1.25257
1.29693
1.34178
1.38708
1.43276
1.47875
1.52501
1.57145
1.61801
1.66463
1.71121
1.75769
1.80399
1.85003
1.89572
1.94099
1.98576
2.02993
2.07342
2.11615
2.15804
2.19899
2.23893
2.27778
2.31544
2.35184
2.38691
2.42056
2.45273
2.48333
2.5123
2.53958
2.56511
2.58881
2.61065
2.63057
2.64852
2.66446
2.67835
2.69016
2.69986
2.70743
2.71285
2.71611
2.71719
2.71611
2.71285
2.70743
2.69986
2.69016
2.67835
2.66446
2.64852
2.63057
2.61065
2.58881
2.56511
2.53958
2.5123
2.48333
2.45273
2.42056
2.38691
2.35184
2.31544
2.27778
2.23893
2.19899
2.15804
2.11615
2.07342
2.02993
1.98576
1.94099
1.89572
1.85003
1.80399
1.75769
1.71121
1.66463
1.61801
1.57145
1.52501
1.47875
1.43276
1.38708
1.34178
1.29693
1.25257
1.20877
1.16556
1.123
1.08112
1.03998
0.9996
0.998401
1.03873
1.07983
1.12165
1.16416
1.20732
1.25107
1.29537
1.34017
1.38542
1.43104
1.47698
1.52318
1.56957
1.61607
1.66263
1.70916
1.75558
1.80182
1.84781
1.89345
1.93867
1.98338
2.02749
2.07093
2.11362
2.15545
2.19636
2.23625
2.27505
2.31266
2.34902
2.38405
2.41766
2.44978
2.48035
2.50929
2.53654
2.56203
2.58571
2.60752
2.62741
2.64534
2.66126
2.67514
2.68693
2.69662
2.70418
2.7096
2.71285
2.71394
2.71285
2.7096
2.70418
2.69662
2.68693
2.67514
2.66126
2.64534
2.62741
2.60752
2.58571
2.56203
2.53654
2.50929
2.48035
2.44978
2.41766
2.38405
2.34902
2.31266
2.27505
2.23625
2.19636
2.15545
2.11362
2.07093
2.02749
1.98338
1.93867
1.89345
1.84781
1.80182
1.75558
1.70916
1.66263
1.61607
1.56957
1.52318
1.47698
1.43104
1.38542
1.34017
1.29537
1.25107
1.20732
1.16416
1.12165
1.07983
1.03873
0.998401
0.996406
1.03666
1.07767
1.11941
1.16183
1.2049
1.24857
1.29279
1.3375
1.38265
1.42818
1.47403
1.52014
1.56643
1.61285
1.65931
1.70574
1.75207
1.79822
1.84412
1.88967
1.93479
1.97941
2.02344
2.0668
2.10939
2.15114
2.19197
2.23178
2.2705
2.30804
2.34433
2.37928
2.41283
2.44489
2.4754
2.50428
2.53147
2.55691
2.58054
2.60231
2.62216
2.64006
2.65594
2.66979
2.68156
2.69123
2.69878
2.70418
2.70743
2.70851
2.70743
2.70418
2.69878
2.69123
2.68156
2.66979
2.65594
2.64006
2.62216
2.60231
2.58054
2.55691
2.53147
2.50428
2.4754
2.44489
2.41283
2.37928
2.34433
2.30804
2.2705
2.23178
2.19197
2.15114
2.10939
2.0668
2.02344
1.97941
1.93479
1.88967
1.84412
1.79822
1.75207
1.70574
1.65931
1.61285
1.56643
1.52014
1.47403
1.42818
1.38265
1.3375
1.29279
1.24857
1.2049
1.16183
1.11941
1.07767
1.03666
0.996406
0.99362
1.03376
1.07466
1.11628
1.15859
1.20154
1.24508
1.28917
1.33376
1.37878
1.42419
1.46991
1.51589
1.56205
1.60834
1.65467
1.70097
1.74717
1.7932
1.83896
1.88438
1.92938
1.97388
2.01778
2.06102
2.10349
2.14513
2.18584
2.22554
2.26415
2.30159
2.33778
2.37263
2.40608
2.43805
2.46847
2.49727
2.52439
2.54976
2.57333
2.59503
2.61483
2.63267
2.64852
2.66233
2.67407
2.68371
2.69123
2.69662
2.69986
2.70094
2.69986
2.69662
2.69123
2.68371
2.67407
2.66233
2.64852
2.63267
2.61483
2.59503
2.57333
2.54976
2.52439
2.49727
2.46847
2.43805
2.40608
2.37263
2.33778
2.30159
2.26415
2.22554
2.18584
2.14513
2.10349
2.06102
2.01778
1.97388
1.92938
1.88438
1.83896
1.7932
1.74717
1.70097
1.65467
1.60834
1.56205
1.51589
1.46991
1.42419
1.37878
1.33376
1.28917
1.24508
1.20154
1.15859
1.11628
1.07466
1.03376
0.99362
0.99005
1.03004
1.07079
1.11227
1.15442
1.19722
1.24061
1.28454
1.32896
1.37383
1.41907
1.46463
1.51044
1.55644
1.60256
1.64872
1.69486
1.7409
1.78675
1.83235
1.87761
1.92245
1.96678
2.01053
2.05361
2.09594
2.13742
2.17798
2.21754
2.25602
2.29332
2.32938
2.36411
2.39744
2.42929
2.4596
2.4883
2.51532
2.5406
2.56408
2.58571
2.60544
2.62321
2.639
2.65276
2.66446
2.67407
2.68156
2.68693
2.69016
2.69123
2.69016
2.68693
2.68156
2.67407
2.66446
2.65276
2.639
2.62321
2.60544
2.58571
2.56408
2.5406
2.51532
2.4883
2.4596
2.42929
2.39744
2.36411
2.32938
2.29332
2.25602
2.21754
2.17798
2.13742
2.09594
2.05361
2.01053
1.96678
1.92245
1.87761
1.83235
1.78675
1.7409
1.69486
1.64872
1.60256
1.55644
1.51044
1.46463
1.41907
1.37383
1.32896
1.28454
1.24061
1.19722
1.15442
1.11227
1.07079
1.03004
0.99005
0.985703
1.02552
1.06609
1.10738
1.14935
1.19196
1.23516
1.2789
1.32313
1.3678
1.41284
1.4582
1.50381
1.5496
1.59552
1.64148
1.68742
1.73325
1.77891
1.82431
1.86937
1.91401
1.95815
2.00171
2.0446
2.08673
2.12804
2.16842
2.20781
2.24611
2.28325
2.31915
2.35373
2.38691
2.41863
2.4488
2.47738
2.50428
2.52945
2.55282
2.57436
2.594
2.6117
2.62741
2.64111
2.65276
2.66233
2.66979
2.67514
2.67835
2.67942
2.67835
2.67514
2.66979
2.66233
2.65276
2.64111
2.62741
2.6117
2.594
2.57436
2.55282
2.52945
2.50428
2.47738
2.4488
2.41863
2.38691
2.35373
2.31915
2.28325
2.24611
2.20781
2.16842
2.12804
2.08673
2.0446
2.00171
1.95815
1.91401
1.86937
1.82431
1.77891
1.73325
1.68742
1.64148
1.59552
1.5496
1.50381
1.4582
1.41284
1.3678
1.32313
1.2789
1.23516
1.19196
1.14935
1.10738
1.06609
1.02552
0.985703
0.980591
1.0202
1.06056
1.10164
1.14339
1.18578
1.22875
1.27227
1.31627
1.3607
1.40551
1.45063
1.49601
1.54157
1.58725
1.63297
1.67867
1.72426
1.76968
1.81484
1.85967
1.90408
1.94799
1.99132
2.03399
2.07591
2.117
2.15718
2.19636
2.23446
2.27141
2.30712
2.34152
2.37453
2.40608
2.4361
2.46453
2.49129
2.51633
2.53958
2.56101
2.58054
2.59815
2.61379
2.62741
2.639
2.64852
2.65594
2.66126
2.66446
2.66552
2.66446
2.66126
2.65594
2.64852
2.639
2.62741
2.61379
2.59815
2.58054
2.56101
2.53958
2.51633
2.49129
2.46453
2.4361
2.40608
2.37453
2.34152
2.30712
2.27141
2.23446
2.19636
2.15718
2.117
2.07591
2.03399
1.99132
1.94799
1.90408
1.85967
1.81484
1.76968
1.72426
1.67867
1.63297
1.58725
1.54157
1.49601
1.45063
1.40551
1.3607
1.31627
1.27227
1.22875
1.18578
1.14339
1.10164
1.06056
1.0202
0.980591
0.974725
1.0141
1.05422
1.09505
1.13655
1.17869
1.2214
1.26466
1.30839
1.35256
1.3971
1.44196
1.48706
1.53235
1.57775
1.6232
1.66863
1.71395
1.7591
1.80399
1.84855
1.89269
1.93634
1.97941
2.02182
2.06349
2.10434
2.14427
2.18322
2.22109
2.25782
2.29332
2.32751
2.36033
2.39169
2.42153
2.44978
2.47639
2.50127
2.52439
2.54569
2.56511
2.58261
2.59815
2.6117
2.62321
2.63267
2.64006
2.64534
2.64852
2.64958
2.64852
2.64534
2.64006
2.63267
2.62321
2.6117
2.59815
2.58261
2.56511
2.54569
2.52439
2.50127
2.47639
2.44978
2.42153
2.39169
2.36033
2.32751
2.29332
2.25782
2.22109
2.18322
2.14427
2.10434
2.06349
2.02182
1.97941
1.93634
1.89269
1.84855
1.80399
1.7591
1.71395
1.66863
1.6232
1.57775
1.53235
1.48706
1.44196
1.3971
1.35256
1.30839
1.26466
1.2214
1.17869
1.13655
1.09505
1.05422
1.0141
0.974725
0.968119
1.00723
1.04707
1.08763
1.12885
1.1707
1.21313
1.25609
1.29953
1.3434
1.38763
1.43218
1.47698
1.52196
1.56706
1.6122
1.65732
1.70233
1.74717
1.79176
1.83602
1.87987
1.92322
1.966
2.00812
2.04951
2.09008
2.12974
2.16842
2.20604
2.24252
2.27778
2.31174
2.34433
2.37548
2.40512
2.43318
2.4596
2.48432
2.50728
2.52843
2.54772
2.56511
2.58054
2.594
2.60544
2.61483
2.62216
2.62741
2.63057
2.63162
2.63057
2.62741
2.62216
2.61483
2.60544
2.594
2.58054
2.56511
2.54772
2.52843
2.50728
2.48432
2.4596
2.43318
2.40512
2.37548
2.34433
2.31174
2.27778
2.24252
2.20604
2.16842
2.12974
2.09008
2.04951
2.00812
1.966
1.92322
1.87987
1.83602
1.79176
1.74717
1.70233
1.65732
1.6122
1.56706
1.52196
1.47698
1.43218
1.38763
1.3434
1.29953
1.25609
1.21313
1.1707
1.12885
1.08763
1.04707
1.00723
0.968119
0.960789
0.9996
1.03915
1.07939
1.1203
1.16183
1.20394
1.24658
1.28969
1.33322
1.37713
1.42134
1.4658
1.51044
1.55519
1.59999
1.64477
1.68944
1.73395
1.7782
1.82212
1.86563
1.90866
1.95111
1.99292
2.03399
2.07425
2.11362
2.15201
2.18934
2.22554
2.26053
2.29424
2.32658
2.3575
2.38691
2.41476
2.44098
2.46551
2.4883
2.50929
2.52843
2.54569
2.56101
2.57436
2.58571
2.59503
2.60231
2.60752
2.61065
2.6117
2.61065
2.60752
2.60231
2.59503
2.58571
2.57436
2.56101
2.54569
2.52843
2.50929
2.4883
2.46551
2.44098
2.41476
2.38691
2.3575
2.32658
2.29424
2.26053
2.22554
2.18934
2.15201
2.11362
2.07425
2.03399
1.99292
1.95111
1.90866
1.86563
1.82212
1.7782
1.73395
1.68944
1.64477
1.59999
1.55519
1.51044
1.4658
1.42134
1.37713
1.33322
1.28969
1.24658
1.20394
1.16183
1.1203
1.07939
1.03915
0.9996
0.960789
0.952753
0.991239
1.03045
1.07037
1.11093
1.15212
1.19387
1.23615
1.2789
1.32207
1.36561
1.40945
1.45354
1.4978
1.54218
1.58661
1.63101
1.67531
1.71944
1.76332
1.80688
1.85003
1.89269
1.93479
1.97625
2.01698
2.0569
2.09594
2.134
2.17103
2.20692
2.24162
2.27505
2.30712
2.33778
2.36694
2.39456
2.42056
2.44489
2.46749
2.4883
2.50728
2.52439
2.53958
2.55282
2.56408
2.57333
2.58054
2.58571
2.58881
2.58985
2.58881
2.58571
2.58054
2.57333
2.56408
2.55282
2.53958
2.52439
2.50728
2.4883
2.46749
2.44489
2.42056
2.39456
2.36694
2.33778
2.30712
2.27505
2.24162
2.20692
2.17103
2.134
2.09594
2.0569
2.01698
1.97625
1.93479
1.89269
1.85003
1.80688
1.76332
1.71944
1.67531
1.63101
1.58661
1.54218
1.4978
1.45354
1.40945
1.36561
1.32207
1.2789
1.23615
1.19387
1.15212
1.11093
1.07037
1.03045
0.991239
0.952753
0.944027
0.982161
1.02102
1.06056
1.10076
1.14156
1.18294
1.22483
1.26719
1.30996
1.3531
1.39654
1.44023
1.48409
1.52806
1.57208
1.61607
1.65997
1.7037
1.74717
1.79033
1.83308
1.87536
1.91707
1.95815
1.99851
2.03806
2.07674
2.11446
2.15114
2.18671
2.22109
2.25421
2.28599
2.31637
2.34527
2.37263
2.3984
2.4225
2.44489
2.46551
2.48432
2.50127
2.51633
2.52945
2.5406
2.54976
2.55691
2.56203
2.56511
2.56613
2.56511
2.56203
2.55691
2.54976
2.5406
2.52945
2.51633
2.50127
2.48432
2.46551
2.44489
2.4225
2.3984
2.37263
2.34527
2.31637
2.28599
2.25421
2.22109
2.18671
2.15114
2.11446
2.07674
2.03806
1.99851
1.95815
1.91707
1.87536
1.83308
1.79033
1.74717
1.7037
1.65997
1.61607
1.57208
1.52806
1.48409
1.44023
1.39654
1.3531
1.30996
1.26719
1.22483
1.18294
1.14156
1.10076
1.06056
1.02102
0.982161
0.944027
0.934634
0.972388
1.01086
1.05001
1.08981
1.13021
1.17117
1.21264
1.25458
1.29693
1.33964
1.38265
1.4259
1.46932
1.51286
1.55644
1.59999
1.64345
1.68674
1.72979
1.77252
1.81484
1.8567
1.898
1.93867
1.97862
2.01778
2.05608
2.09342
2.12974
2.16496
2.19899
2.23178
2.26325
2.29332
2.32193
2.34902
2.37453
2.3984
2.42056
2.44098
2.4596
2.47639
2.49129
2.50428
2.51532
2.52439
2.53147
2.53654
2.53958
2.5406
2.53958
2.53654
2.53147
2.52439
2.51532
2.50428
2.49129
2.47639
2.4596
2.44098
2.42056
2.3984
2.37453
2.34902
2.32193
2.29332
2.26325
2.23178
2.19899
2.16496
2.12974
2.09342
2.05608
2.01778
1.97862
1.93867
1.898
1.8567
1.81484
1.77252
1.72979
1.68674
1.64345
1.59999
1.55644
1.51286
1.46932
1.4259
1.38265
1.33964
1.29693
1.25458
1.21264
1.17117
1.13021
1.08981
1.05001
1.01086
0.972388
0.934634
0.924595
0.961943
1
1.03873
1.0781
1.11807
1.15859
1.19961
1.2411
1.283
1.32525
1.3678
1.41058
1.45354
1.49661
1.53972
1.58281
1.6258
1.66863
1.71121
1.75348
1.79535
1.83675
1.87761
1.91784
1.95737
1.99611
2.03399
2.07093
2.10686
2.1417
2.17537
2.20781
2.23893
2.26868
2.29699
2.32379
2.34902
2.37263
2.39456
2.41476
2.43318
2.44978
2.46453
2.47738
2.4883
2.49727
2.50428
2.50929
2.5123
2.51331
2.5123
2.50929
2.50428
2.49727
2.4883
2.47738
2.46453
2.44978
2.43318
2.41476
2.39456
2.37263
2.34902
2.32379
2.29699
2.26868
2.23893
2.20781
2.17537
2.1417
2.10686
2.07093
2.03399
1.99611
1.95737
1.91784
1.87761
1.83675
1.79535
1.75348
1.71121
1.66863
1.6258
1.58281
1.53972
1.49661
1.45354
1.41058
1.3678
1.32525
1.283
1.2411
1.19961
1.15859
1.11807
1.0781
1.03873
1
0.961943
0.924595
0.913931
0.950849
0.988467
1.02675
1.06567
1.10517
1.14522
1.18578
1.22679
1.2682
1.30996
1.35202
1.39431
1.43677
1.47935
1.52196
1.56455
1.60705
1.64938
1.69147
1.73325
1.77464
1.81557
1.85596
1.89572
1.93479
1.97309
2.01053
2.04705
2.08256
2.117
2.15028
2.18235
2.21311
2.24252
2.2705
2.29699
2.32193
2.34527
2.36694
2.38691
2.40512
2.42153
2.4361
2.4488
2.4596
2.46847
2.4754
2.48035
2.48333
2.48432
2.48333
2.48035
2.4754
2.46847
2.4596
2.4488
2.4361
2.42153
2.40512
2.38691
2.36694
2.34527
2.32193
2.29699
2.2705
2.24252
2.21311
2.18235
2.15028
2.117
2.08256
2.04705
2.01053
1.97309
1.93479
1.89572
1.85596
1.81557
1.77464
1.73325
1.69147
1.64938
1.60705
1.56455
1.52196
1.47935
1.43677
1.39431
1.35202
1.30996
1.2682
1.22679
1.18578
1.14522
1.10517
1.06567
1.02675
0.988467
0.950849
0.913931
0.902668
0.939131
0.976286
1.0141
1.05253
1.09155
1.13111
1.17117
1.21167
1.25257
1.29382
1.33536
1.37713
1.41907
1.46112
1.50321
1.54527
1.58725
1.62905
1.67063
1.71189
1.75277
1.7932
1.83308
1.87236
1.91095
1.94877
1.98576
2.02182
2.0569
2.09091
2.12379
2.15545
2.18584
2.21488
2.24252
2.26868
2.29332
2.31637
2.33778
2.3575
2.37548
2.39169
2.40608
2.41863
2.42929
2.43805
2.44489
2.44978
2.45273
2.45371
2.45273
2.44978
2.44489
2.43805
2.42929
2.41863
2.40608
2.39169
2.37548
2.3575
2.33778
2.31637
2.29332
2.26868
2.24252
2.21488
2.18584
2.15545
2.12379
2.09091
2.0569
2.02182
1.98576
1.94877
1.91095
1.87236
1.83308
1.7932
1.75277
1.71189
1.67063
1.62905
1.58725
1.54527
1.50321
1.46112
1.41907
1.37713
1.33536
1.29382
1.25257
1.21167
1.17117
1.13111
1.09155
1.05253
1.0141
0.976286
0.939131
0.902668
0.890831
0.926816
0.963483
1.0008
1.03873
1.07724
1.11628
1.15581
1.19578
1.23615
1.27685
1.31785
1.35907
1.40046
1.44196
1.48349
1.52501
1.56643
1.60769
1.64872
1.68944
1.72979
1.76968
1.80905
1.84781
1.88589
1.92322
1.95972
1.99531
2.02993
2.06349
2.09594
2.12719
2.15718
2.18584
2.21311
2.23893
2.26325
2.28599
2.30712
2.32658
2.34433
2.36033
2.37453
2.38691
2.39744
2.40608
2.41283
2.41766
2.42056
2.42153
2.42056
2.41766
2.41283
2.40608
2.39744
2.38691
2.37453
2.36033
2.34433
2.32658
2.30712
2.28599
2.26325
2.23893
2.21311
2.18584
2.15718
2.12719
2.09594
2.06349
2.02993
1.99531
1.95972
1.92322
1.88589
1.84781
1.80905
1.76968
1.72979
1.68944
1.64872
1.60769
1.56643
1.52501
1.48349
1.44196
1.40046
1.35907
1.31785
1.27685
1.23615
1.19578
1.15581
1.11628
1.07724
1.03873
1.0008
0.963483
0.926816
0.890831
0.878447
0.913931
0.950089
0.986887
1.02429
1.06226
1.10076
1.13974
1.17916
1.21896
1.2591
1.29953
1.34017
1.38099
1.42191
1.46287
1.50381
1.54465
1.58534
1.6258
1.66596
1.70574
1.74508
1.7839
1.82212
1.85967
1.89648
1.93247
1.96757
2.00171
2.03481
2.0668
2.09761
2.12719
2.15545
2.18235
2.20781
2.23178
2.25421
2.27505
2.29424
2.31174
2.32751
2.34152
2.35373
2.36411
2.37263
2.37928
2.38405
2.38691
2.38787
2.38691
2.38405
2.37928
2.37263
2.36411
2.35373
2.34152
2.32751
2.31174
2.29424
2.27505
2.25421
2.23178
2.20781
2.18235
2.15545
2.12719
2.09761
2.0668
2.03481
2.00171
1.96757
1.93247
1.89648
1.85967
1.82212
1.7839
1.74508
1.70574
1.66596
1.6258
1.58534
1.54465
1.50381
1.46287
1.42191
1.38099
1.34017
1.29953
1.2591
1.21896
1.17916
1.13974
1.10076
1.06226
1.02429
0.986887
0.950089
0.913931
0.878447
0.865541
0.900505
0.936131
0.972388
1.00924
1.04666
1.08459
1.123
1.16183
1.20105
1.24061
1.28044
1.32049
1.3607
1.40102
1.44138
1.48171
1.52196
1.56205
1.60192
1.64148
1.68068
1.71944
1.75769
1.79535
1.83235
1.86862
1.90408
1.93867
1.9723
2.00491
2.03643
2.0668
2.09594
2.12379
2.15028
2.17537
2.19899
2.22109
2.24162
2.26053
2.27778
2.29332
2.30712
2.31915
2.32938
2.33778
2.34433
2.34902
2.35184
2.35279
2.35184
2.34902
2.34433
2.33778
2.32938
2.31915
2.30712
2.29332
2.27778
2.26053
2.24162
2.22109
2.19899
2.17537
2.15028
2.12379
2.09594
2.0668
2.03643
2.00491
1.9723
1.93867
1.90408
1.86862
1.83235
1.79535
1.75769
1.71944
1.68068
1.64148
1.60192
1.56205
1.52196
1.48171
1.44138
1.40102
1.3607
1.32049
1.28044
1.24061
1.20105
1.16183
1.123
1.08459
1.04666
1.00924
0.972388
0.936131
0.900505
0.865541
0.852144
0.886566
0.921641
0.957337
0.99362
1.03045
1.0678
1.10561
1.14385
1.18246
1.2214
1.26062
1.30005
1.33964
1.37933
1.41907
1.45878
1.4984
1.53787
1.57712
1.61607
1.65467
1.69283
1.73048
1.76756
1.80399
1.8397
1.87461
1.90866
1.94177
1.97388
2.00491
2.03481
2.06349
2.09091
2.117
2.1417
2.16496
2.18671
2.20692
2.22554
2.24252
2.25782
2.27141
2.28325
2.29332
2.30159
2.30804
2.31266
2.31544
2.31637
2.31544
2.31266
2.30804
2.30159
2.29332
2.28325
2.27141
2.25782
2.24252
2.22554
2.20692
2.18671
2.16496
2.1417
2.117
2.09091
2.06349
2.03481
2.00491
1.97388
1.94177
1.90866
1.87461
1.8397
1.80399
1.76756
1.73048
1.69283
1.65467
1.61607
1.57712
1.53787
1.4984
1.45878
1.41907
1.37933
1.33964
1.30005
1.26062
1.2214
1.18246
1.14385
1.10561
1.0678
1.03045
0.99362
0.957337
0.921641
0.886566
0.852144
0.838283
0.872145
0.906649
0.941765
0.977458
1.01369
1.05043
1.08763
1.12524
1.16323
1.20154
1.24011
1.2789
1.31785
1.3569
1.39598
1.43505
1.47403
1.51286
1.55147
1.58979
1.62775
1.66529
1.70233
1.73881
1.77464
1.80977
1.84412
1.87761
1.91018
1.94177
1.9723
2.00171
2.02993
2.0569
2.08256
2.10686
2.12974
2.15114
2.17103
2.18934
2.20604
2.22109
2.23446
2.24611
2.25602
2.26415
2.2705
2.27505
2.27778
2.27869
2.27778
2.27505
2.2705
2.26415
2.25602
2.24611
2.23446
2.22109
2.20604
2.18934
2.17103
2.15114
2.12974
2.10686
2.08256
2.0569
2.02993
2.00171
1.9723
1.94177
1.91018
1.87761
1.84412
1.80977
1.77464
1.73881
1.70233
1.66529
1.62775
1.58979
1.55147
1.51286
1.47403
1.43505
1.39598
1.3569
1.31785
1.2789
1.24011
1.20154
1.16323
1.12524
1.08763
1.05043
1.01369
0.977458
0.941765
0.906649
0.872145
0.838283
0.823987
0.857272
0.891188
0.925705
0.960789
0.996406
1.03252
1.06908
1.10606
1.14339
1.18105
1.21896
1.25709
1.29537
1.33376
1.37218
1.41058
1.44889
1.48706
1.52501
1.56268
1.59999
1.63689
1.6733
1.70916
1.74438
1.77891
1.81267
1.84559
1.87761
1.90866
1.93867
1.96757
1.99531
2.02182
2.04705
2.07093
2.09342
2.11446
2.134
2.15201
2.16842
2.18322
2.19636
2.20781
2.21754
2.22554
2.23178
2.23625
2.23893
2.23983
2.23893
2.23625
2.23178
2.22554
2.21754
2.20781
2.19636
2.18322
2.16842
2.15201
2.134
2.11446
2.09342
2.07093
2.04705
2.02182
1.99531
1.96757
1.93867
1.90866
1.87761
1.84559
1.81267
1.77891
1.74438
1.70916
1.6733
1.63689
1.59999
1.56268
1.52501
1.48706
1.44889
1.41058
1.37218
1.33376
1.29537
1.25709
1.21896
1.18105
1.14339
1.10606
1.06908
1.03252
0.996406
0.960789
0.925705
0.891188
0.857272
0.823987
0.809288
0.841979
0.87529
0.909191
0.94365
0.978632
1.0141
1.05001
1.08632
1.123
1.15998
1.19722
1.23467
1.27227
1.30996
1.3477
1.38542
1.42305
1.46053
1.4978
1.5348
1.57145
1.60769
1.64345
1.67867
1.71326
1.74717
1.78033
1.81267
1.84412
1.87461
1.90408
1.93247
1.95972
1.98576
2.01053
2.03399
2.05608
2.07674
2.09594
2.11362
2.12974
2.14427
2.15718
2.16842
2.17798
2.18584
2.19197
2.19636
2.19899
2.19987
2.19899
2.19636
2.19197
2.18584
2.17798
2.16842
2.15718
2.14427
2.12974
2.11362
2.09594
2.07674
2.05608
2.03399
2.01053
1.98576
1.95972
1.93247
1.90408
1.87461
1.84412
1.81267
1.78033
1.74717
1.71326
1.67867
1.64345
1.60769
1.57145
1.5348
1.4978
1.46053
1.42305
1.38542
1.3477
1.30996
1.27227
1.23467
1.19722
1.15998
1.123
1.08632
1.05001
1.0141
0.978632
0.94365
0.909191
0.87529
0.841979
0.809288
0.794216
0.826298
0.858988
0.892258
0.926075
0.960405
0.995212
1.03045
1.06609
1.10208
1.13837
1.17492
1.21167
1.24857
1.28557
1.3226
1.35961
1.39654
1.43333
1.46991
1.50622
1.54218
1.57775
1.61285
1.6474
1.68135
1.71463
1.74717
1.77891
1.80977
1.8397
1.86862
1.89648
1.92322
1.94877
1.97309
1.99611
2.01778
2.03806
2.0569
2.07425
2.09008
2.10434
2.117
2.12804
2.13742
2.14513
2.15114
2.15545
2.15804
2.1589
2.15804
2.15545
2.15114
2.14513
2.13742
2.12804
2.117
2.10434
2.09008
2.07425
2.0569
2.03806
2.01778
1.99611
1.97309
1.94877
1.92322
1.89648
1.86862
1.8397
1.80977
1.77891
1.74717
1.71463
1.68135
1.6474
1.61285
1.57775
1.54218
1.50622
1.46991
1.43333
1.39654
1.35961
1.3226
1.28557
1.24857
1.21167
1.17492
1.13837
1.10208
1.06609
1.03045
0.995212
0.960405
0.926075
0.892258
0.858988
0.826298
0.794216
0.778801
0.81026
0.842316
0.87494
0.908101
0.941765
0.975895
1.01045
1.0454
1.08069
1.11628
1.15212
1.18815
1.22434
1.26062
1.29693
1.33322
1.36944
1.40551
1.44138
1.47698
1.51225
1.54713
1.58154
1.61543
1.64872
1.68135
1.71326
1.74438
1.77464
1.80399
1.83235
1.85967
1.88589
1.91095
1.93479
1.95737
1.97862
1.99851
2.01698
2.03399
2.04951
2.06349
2.07591
2.08673
2.09594
2.10349
2.10939
2.11362
2.11615
2.117
2.11615
2.11362
2.10939
2.10349
2.09594
2.08673
2.07591
2.06349
2.04951
2.03399
2.01698
1.99851
1.97862
1.95737
1.93479
1.91095
1.88589
1.85967
1.83235
1.80399
1.77464
1.74438
1.71326
1.68135
1.64872
1.61543
1.58154
1.54713
1.51225
1.47698
1.44138
1.40551
1.36944
1.33322
1.29693
1.26062
1.22434
1.18815
1.15212
1.11628
1.08069
1.0454
1.01045
0.975895
0.941765
0.908101
0.87494
0.842316
0.81026
0.778801
0.763074
0.793898
0.825307
0.857272
0.889763
0.922747
0.956189
0.99005
1.02429
1.05887
1.09374
1.12885
1.16416
1.19961
1.23516
1.27074
1.3063
1.34178
1.37713
1.41227
1.44716
1.48171
1.51589
1.5496
1.58281
1.61543
1.6474
1.67867
1.70916
1.73881
1.76756
1.79535
1.82212
1.84781
1.87236
1.89572
1.91784
1.93867
1.95815
1.97625
1.99292
2.00812
2.02182
2.03399
2.0446
2.05361
2.06102
2.0668
2.07093
2.07342
2.07425
2.07342
2.07093
2.0668
2.06102
2.05361
2.0446
2.03399
2.02182
2.00812
1.99292
1.97625
1.95815
1.93867
1.91784
1.89572
1.87236
1.84781
1.82212
1.79535
1.76756
1.73881
1.70916
1.67867
1.6474
1.61543
1.58281
1.5496
1.51589
1.48171
1.44716
1.41227
1.37713
1.34178
1.3063
1.27074
1.23516
1.19961
1.16416
1.12885
1.09374
1.05887
1.02429
0.99005
0.956189
0.922747
0.889763
0.857272
0.825307
0.793898
0.763074
0.747067
0.777245
0.807995
0.839289
0.871099
0.903391
0.936131
0.969282
1.0028
1.03666
1.07079
1.10517
1.13974
1.17445
1.20925
1.24408
1.2789
1.31364
1.34824
1.38265
1.4168
1.45063
1.48409
1.5171
1.5496
1.58154
1.61285
1.64345
1.6733
1.70233
1.73048
1.75769
1.7839
1.80905
1.83308
1.85596
1.87761
1.898
1.91707
1.93479
1.95111
1.966
1.97941
1.99132
2.00171
2.01053
2.01778
2.02344
2.02749
2.02993
2.03074
2.02993
2.02749
2.02344
2.01778
2.01053
2.00171
1.99132
1.97941
1.966
1.95111
1.93479
1.91707
1.898
1.87761
1.85596
1.83308
1.80905
1.7839
1.75769
1.73048
1.70233
1.6733
1.64345
1.61285
1.58154
1.5496
1.5171
1.48409
1.45063
1.4168
1.38265
1.34824
1.31364
1.2789
1.24408
1.20925
1.17445
1.13974
1.10517
1.07079
1.03666
1.0028
0.969282
0.936131
0.903391
0.871099
0.839289
0.807995
0.777245
0.747067
0.730811
0.760332
0.790413
0.821026
0.852144
0.883733
0.915761
0.94819
0.980983
1.0141
1.04749
1.08112
1.11494
1.14889
1.18294
1.21701
1.25107
1.28505
1.3189
1.35256
1.38597
1.41907
1.45179
1.48409
1.51589
1.54713
1.57775
1.60769
1.63689
1.66529
1.69283
1.71944
1.74508
1.76968
1.7932
1.81557
1.83675
1.8567
1.87536
1.89269
1.90866
1.92322
1.93634
1.94799
1.95815
1.96678
1.97388
1.97941
1.98338
1.98576
1.98655
1.98576
1.98338
1.97941
1.97388
1.96678
1.95815
1.94799
1.93634
1.92322
1.90866
1.89269
1.87536
1.8567
1.83675
1.81557
1.7932
1.76968
1.74508
1.71944
1.69283
1.66529
1.63689
1.60769
1.57775
1.54713
1.51589
1.48409
1.45179
1.41907
1.38597
1.35256
1.3189
1.28505
1.25107
1.21701
1.18294
1.14889
1.11494
1.08112
1.04749
1.0141
0.980983
0.94819
0.915761
0.883733
0.852144
0.821026
0.790413
0.760332
0.730811
0.714337
0.743193
0.772595
0.802519
0.832935
0.863812
0.895118
0.926816
0.95887
0.991239
1.02388
1.05675
1.08981
1.123
1.15627
1.18958
1.22287
1.25609
1.28917
1.32207
1.35473
1.38708
1.41907
1.45063
1.48171
1.51225
1.54218
1.57145
1.59999
1.62775
1.65467
1.68068
1.70574
1.72979
1.75277
1.77464
1.79535
1.81484
1.83308
1.85003
1.86563
1.87987
1.89269
1.90408
1.91401
1.92245
1.92938
1.93479
1.93867
1.94099
1.94177
1.94099
1.93867
1.93479
1.92938
1.92245
1.91401
1.90408
1.89269
1.87987
1.86563
1.85003
1.83308
1.81484
1.79535
1.77464
1.75277
1.72979
1.70574
1.68068
1.65467
1.62775
1.59999
1.57145
1.54218
1.51225
1.48171
1.45063
1.41907
1.38708
1.35473
1.32207
1.28917
1.25609
1.22287
1.18958
1.15627
1.123
1.08981
1.05675
1.02388
0.991239
0.95887
0.926816
0.895118
0.863812
0.832935
0.802519
0.772595
0.743193
0.714337
0.697676
0.725859
0.754575
0.783801
0.813508
0.843665
0.87424
0.905199
0.936505
0.968119
1
1.0321
1.06439
1.0968
1.1293
1.16183
1.19435
1.22679
1.2591
1.29124
1.32313
1.35473
1.38597
1.4168
1.44716
1.47698
1.50622
1.5348
1.56268
1.58979
1.61607
1.64148
1.66596
1.68944
1.71189
1.73325
1.75348
1.77252
1.79033
1.80688
1.82212
1.83602
1.84855
1.85967
1.86937
1.87761
1.88438
1.88967
1.89345
1.89572
1.89648
1.89572
1.89345
1.88967
1.88438
1.87761
1.86937
1.85967
1.84855
1.83602
1.82212
1.80688
1.79033
1.77252
1.75348
1.73325
1.71189
1.68944
1.66596
1.64148
1.61607
1.58979
1.56268
1.5348
1.50622
1.47698
1.44716
1.4168
1.38597
1.35473
1.32313
1.29124
1.2591
1.22679
1.19435
1.16183
1.1293
1.0968
1.06439
1.0321
1
0.968119
0.936505
0.905199
0.87424
0.843665
0.813508
0.783801
0.754575
0.725859
0.697676
0.680859
0.708362
0.736387
0.764908
0.793898
0.823329
0.853167
0.88338
0.913931
0.944783
0.975895
1.00723
1.03873
1.07037
1.10208
1.13383
1.16556
1.19722
1.22875
1.26011
1.29124
1.32207
1.35256
1.38265
1.41227
1.44138
1.46991
1.4978
1.52501
1.55147
1.57712
1.60192
1.6258
1.64872
1.67063
1.69147
1.71121
1.72979
1.74717
1.76332
1.7782
1.79176
1.80399
1.81484
1.82431
1.83235
1.83896
1.84412
1.84781
1.85003
1.85077
1.85003
1.84781
1.84412
1.83896
1.83235
1.82431
1.81484
1.80399
1.79176
1.7782
1.76332
1.74717
1.72979
1.71121
1.69147
1.67063
1.64872
1.6258
1.60192
1.57712
1.55147
1.52501
1.4978
1.46991
1.44138
1.41227
1.38265
1.35256
1.32207
1.29124
1.26011
1.22875
1.19722
1.16556
1.13383
1.10208
1.07037
1.03873
1.00723
0.975895
0.944783
0.913931
0.88338
0.853167
0.823329
0.793898
0.764908
0.736387
0.708362
0.680859
0.663916
0.690734
0.718062
0.745873
0.774142
0.80284
0.831936
0.861397
0.891188
0.921272
0.95161
0.982161
1.01288
1.04373
1.07466
1.10561
1.13655
1.16742
1.19818
1.22875
1.2591
1.28917
1.3189
1.34824
1.37713
1.40551
1.43333
1.46053
1.48706
1.51286
1.53787
1.56205
1.58534
1.60769
1.62905
1.64938
1.66863
1.68674
1.7037
1.71944
1.73395
1.74717
1.7591
1.76968
1.77891
1.78675
1.7932
1.79822
1.80182
1.80399
1.80471
1.80399
1.80182
1.79822
1.7932
1.78675
1.77891
1.76968
1.7591
1.74717
1.73395
1.71944
1.7037
1.68674
1.66863
1.64938
1.62905
1.60769
1.58534
1.56205
1.53787
1.51286
1.48706
1.46053
1.43333
1.40551
1.37713
1.34824
1.3189
1.28917
1.2591
1.22875
1.19818
1.16742
1.13655
1.10561
1.07466
1.04373
1.01288
0.982161
0.95161
0.921272
0.891188
0.861397
0.831936
0.80284
0.774142
0.745873
0.718062
0.690734
0.663916
0.646876
0.673007
0.699633
0.72673
0.754274
0.782235
0.810584
0.839289
0.868316
0.897628
0.927187
0.956954
0.986887
1.01694
1.04707
1.07724
1.10738
1.13746
1.16742
1.19722
1.22679
1.25609
1.28505
1.31364
1.34178
1.36944
1.39654
1.42305
1.44889
1.47403
1.4984
1.52196
1.54465
1.56643
1.58725
1.60705
1.6258
1.64345
1.65997
1.67531
1.68944
1.70233
1.71395
1.72426
1.73325
1.7409
1.74717
1.75207
1.75558
1.75769
1.75839
1.75769
1.75558
1.75207
1.74717
1.7409
1.73325
1.72426
1.71395
1.70233
1.68944
1.67531
1.65997
1.64345
1.6258
1.60705
1.58725
1.56643
1.54465
1.52196
1.4984
1.47403
1.44889
1.42305
1.39654
1.36944
1.34178
1.31364
1.28505
1.25609
1.22679
1.19722
1.16742
1.13746
1.10738
1.07724
1.04707
1.01694
0.986887
0.956954
0.927187
0.897628
0.868316
0.839289
0.810584
0.782235
0.754274
0.72673
0.699633
0.673007
0.646876
0.62977
0.65521
0.681131
0.707512
0.734328
0.76155
0.789149
0.817095
0.845354
0.873891
0.902668
0.931648
0.960789
0.99005
1.01939
1.04875
1.0781
1.10738
1.13655
1.16556
1.19435
1.22287
1.25107
1.2789
1.3063
1.33322
1.35961
1.38542
1.41058
1.43505
1.45878
1.48171
1.50381
1.52501
1.54527
1.56455
1.58281
1.59999
1.61607
1.63101
1.64477
1.65732
1.66863
1.67867
1.68742
1.69486
1.70097
1.70574
1.70916
1.71121
1.71189
1.71121
1.70916
1.70574
1.70097
1.69486
1.68742
1.67867
1.66863
1.65732
1.64477
1.63101
1.61607
1.59999
1.58281
1.56455
1.54527
1.52501
1.50381
1.48171
1.45878
1.43505
1.41058
1.38542
1.35961
1.33322
1.3063
1.2789
1.25107
1.22287
1.19435
1.16556
1.13655
1.10738
1.0781
1.04875
1.01939
0.99005
0.960789
0.931648
0.902668
0.873891
0.845354
0.817095
0.789149
0.76155
0.734328
0.707512
0.681131
0.65521
0.62977
0.612626
0.637373
0.662589
0.688252
0.714337
0.740818
0.767666
0.794851
0.822341
0.850101
0.878095
0.906286
0.934634
0.963098
0.991635
1.0202
1.04875
1.07724
1.10561
1.13383
1.16183
1.18958
1.21701
1.24408
1.27074
1.29693
1.3226
1.3477
1.37218
1.39598
1.41907
1.44138
1.46287
1.48349
1.50321
1.52196
1.53972
1.55644
1.57208
1.58661
1.59999
1.6122
1.6232
1.63297
1.64148
1.64872
1.65467
1.65931
1.66263
1.66463
1.66529
1.66463
1.66263
1.65931
1.65467
1.64872
1.64148
1.63297
1.6232
1.6122
1.59999
1.58661
1.57208
1.55644
1.53972
1.52196
1.50321
1.48349
1.46287
1.44138
1.41907
1.39598
1.37218
1.3477
1.3226
1.29693
1.27074
1.24408
1.21701
1.18958
1.16183
1.13383
1.10561
1.07724
1.04875
1.0202
0.991635
0.963098
0.934634
0.906286
0.878095
0.850101
0.822341
0.794851
0.767666
0.740818
0.714337
0.688252
0.662589
0.637373
0.612626
0.595473
0.619526
0.644036
0.668981
0.694336
0.720075
0.746171
0.772595
0.799315
0.826298
0.853508
0.88091
0.908464
0.936131
0.963869
0.991635
1.01939
1.04707
1.07466
1.10208
1.1293
1.15627
1.18294
1.20925
1.23516
1.26062
1.28557
1.30996
1.33376
1.3569
1.37933
1.40102
1.42191
1.44196
1.46112
1.47935
1.49661
1.51286
1.52806
1.54218
1.55519
1.56706
1.57775
1.58725
1.59552
1.60256
1.60834
1.61285
1.61607
1.61801
1.61866
1.61801
1.61607
1.61285
1.60834
1.60256
1.59552
1.58725
1.57775
1.56706
1.55519
1.54218
1.52806
1.51286
1.49661
1.47935
1.46112
1.44196
1.42191
1.40102
1.37933
1.3569
1.33376
1.30996
1.28557
1.26062
1.23516
1.20925
1.18294
1.15627
1.1293
1.10208
1.07466
1.04707
1.01939
0.991635
0.963869
0.936131
0.908464
0.88091
0.853508
0.826298
0.799315
0.772595
0.746171
0.720075
0.694336
0.668981
0.644036
0.619526
0.595473
0.578336
0.601698
0.625502
0.649729
0.674354
0.699353
0.724698
0.750362
0.776313
0.802519
0.828946
0.855559
0.88232
0.909191
0.936131
0.963098
0.99005
1.01694
1.04373
1.07037
1.0968
1.123
1.14889
1.17445
1.19961
1.22434
1.24857
1.27227
1.29537
1.31785
1.33964
1.3607
1.38099
1.40046
1.41907
1.43677
1.45354
1.46932
1.48409
1.4978
1.51044
1.52196
1.53235
1.54157
1.5496
1.55644
1.56205
1.56643
1.56957
1.57145
1.57208
1.57145
1.56957
1.56643
1.56205
1.55644
1.5496
1.54157
1.53235
1.52196
1.51044
1.4978
1.48409
1.46932
1.45354
1.43677
1.41907
1.40046
1.38099
1.3607
1.33964
1.31785
1.29537
1.27227
1.24857
1.22434
1.19961
1.17445
1.14889
1.123
1.0968
1.07037
1.04373
1.01694
0.99005
0.963098
0.936131
0.909191
0.88232
0.855559
0.828946
0.802519
0.776313
0.750362
0.724698
0.699353
0.674354
0.649729
0.625502
0.601698
0.578336
0.561244
0.583915
0.607016
0.630527
0.654424
0.678684
0.70328
0.728185
0.753369
0.778801
0.804447
0.830274
0.856244
0.88232
0.908464
0.934634
0.960789
0.986887
1.01288
1.03873
1.06439
1.08981
1.11494
1.13974
1.16416
1.18815
1.21167
1.23467
1.25709
1.2789
1.30005
1.32049
1.34017
1.35907
1.37713
1.39431
1.41058
1.4259
1.44023
1.45354
1.4658
1.47698
1.48706
1.49601
1.50381
1.51044
1.51589
1.52014
1.52318
1.52501
1.52562
1.52501
1.52318
1.52014
1.51589
1.51044
1.50381
1.49601
1.48706
1.47698
1.4658
1.45354
1.44023
1.4259
1.41058
1.39431
1.37713
1.35907
1.34017
1.32049
1.30005
1.2789
1.25709
1.23467
1.21167
1.18815
1.16416
1.13974
1.11494
1.08981
1.06439
1.03873
1.01288
0.986887
0.960789
0.934634
0.908464
0.88232
0.856244
0.830274
0.804447
0.778801
0.753369
0.728185
0.70328
0.678684
0.654424
0.630527
0.607016
0.583915
0.561244
0.544221
0.566204
0.588605
0.611402
0.634575
0.658099
0.681949
0.706099
0.730519
0.755179
0.780048
0.805091
0.830274
0.855559
0.88091
0.906286
0.931648
0.956954
0.982161
1.00723
1.0321
1.05675
1.08112
1.10517
1.12885
1.15212
1.17492
1.19722
1.21896
1.24011
1.26062
1.28044
1.29953
1.31785
1.33536
1.35202
1.3678
1.38265
1.39654
1.40945
1.42134
1.43218
1.44196
1.45063
1.4582
1.46463
1.46991
1.47403
1.47698
1.47875
1.47935
1.47875
1.47698
1.47403
1.46991
1.46463
1.4582
1.45063
1.44196
1.43218
1.42134
1.40945
1.39654
1.38265
1.3678
1.35202
1.33536
1.31785
1.29953
1.28044
1.26062
1.24011
1.21896
1.19722
1.17492
1.15212
1.12885
1.10517
1.08112
1.05675
1.0321
1.00723
0.982161
0.956954
0.931648
0.906286
0.88091
0.855559
0.830274
0.805091
0.780048
0.755179
0.730519
0.706099
0.681949
0.658099
0.634575
0.611402
0.588605
0.566204
0.544221
0.527292
0.548592
0.570296
0.592384
0.614836
0.637628
0.660737
0.684135
0.707796
0.731689
0.755784
0.780048
0.804447
0.828946
0.853508
0.878095
0.902668
0.927187
0.95161
0.975895
1
1.02388
1.04749
1.07079
1.09374
1.11628
1.13837
1.15998
1.18105
1.20154
1.2214
1.24061
1.2591
1.27685
1.29382
1.30996
1.32525
1.33964
1.3531
1.36561
1.37713
1.38763
1.3971
1.40551
1.41284
1.41907
1.42419
1.42818
1.43104
1.43276
1.43333
1.43276
1.43104
1.42818
1.42419
1.41907
1.41284
1.40551
1.3971
1.38763
1.37713
1.36561
1.3531
1.33964
1.32525
1.30996
1.29382
1.27685
1.2591
1.24061
1.2214
1.20154
1.18105
1.15998
1.13837
1.11628
1.09374
1.07079
1.04749
1.02388
1
0.975895
0.95161
0.927187
0.902668
0.878095
0.853508
0.828946
0.804447
0.780048
0.755784
0.731689
0.707796
0.684135
0.660737
0.637628
0.614836
0.592384
0.570296
0.548592
0.527292
0.510482
0.531103
0.552114
0.573498
0.595234
0.6173
0.639672
0.662324
0.685231
0.708362
0.731689
0.755179
0.778801
0.802519
0.826298
0.850101
0.873891
0.897628
0.921272
0.944783
0.968119
0.991239
1.0141
1.03666
1.05887
1.08069
1.10208
1.123
1.14339
1.16323
1.18246
1.20105
1.21896
1.23615
1.25257
1.2682
1.283
1.29693
1.30996
1.32207
1.33322
1.3434
1.35256
1.3607
1.3678
1.37383
1.37878
1.38265
1.38542
1.38708
1.38763
1.38708
1.38542
1.38265
1.37878
1.37383
1.3678
1.3607
1.35256
1.3434
1.33322
1.32207
1.30996
1.29693
1.283
1.2682
1.25257
1.23615
1.21896
1.20105
1.18246
1.16323
1.14339
1.123
1.10208
1.08069
1.05887
1.03666
1.0141
0.991239
0.968119
0.944783
0.921272
0.897628
0.873891
0.850101
0.826298
0.802519
0.778801
0.755179
0.731689
0.708362
0.685231
0.662324
0.639672
0.6173
0.595234
0.573498
0.552114
0.531103
0.510482
0.493812
0.51376
0.534085
0.554771
0.575797
0.597142
0.618783
0.640696
0.662854
0.685231
0.707796
0.730519
0.753369
0.776313
0.799315
0.822341
0.845354
0.868316
0.891188
0.913931
0.936505
0.95887
0.980983
1.0028
1.02429
1.0454
1.06609
1.08632
1.10606
1.12524
1.14385
1.16183
1.17916
1.19578
1.21167
1.22679
1.2411
1.25458
1.26719
1.2789
1.28969
1.29953
1.30839
1.31627
1.32313
1.32896
1.33376
1.3375
1.34017
1.34178
1.34232
1.34178
1.34017
1.3375
1.33376
1.32896
1.32313
1.31627
1.30839
1.29953
1.28969
1.2789
1.26719
1.25458
1.2411
1.22679
1.21167
1.19578
1.17916
1.16183
1.14385
1.12524
1.10606
1.08632
1.06609
1.0454
1.02429
1.0028
0.980983
0.95887
0.936505
0.913931
0.891188
0.868316
0.845354
0.822341
0.799315
0.776313
0.753369
0.730519
0.707796
0.685231
0.662854
0.640696
0.618783
0.597142
0.575797
0.554771
0.534085
0.51376
0.493812
0.477305
0.496585
0.516231
0.536226
0.556549
0.577181
0.598098
0.619279
0.640696
0.662324
0.684135
0.706099
0.728185
0.750362
0.772595
0.794851
0.817095
0.839289
0.861397
0.88338
0.905199
0.926816
0.94819
0.969282
0.99005
1.01045
1.03045
1.05001
1.06908
1.08763
1.10561
1.123
1.13974
1.15581
1.17117
1.18578
1.19961
1.21264
1.22483
1.23615
1.24658
1.25609
1.26466
1.27227
1.2789
1.28454
1.28917
1.29279
1.29537
1.29693
1.29745
1.29693
1.29537
1.29279
1.28917
1.28454
1.2789
1.27227
1.26466
1.25609
1.24658
1.23615
1.22483
1.21264
1.19961
1.18578
1.17117
1.15581
1.13974
1.123
1.10561
1.08763
1.06908
1.05001
1.03045
1.01045
0.99005
0.969282
0.94819
0.926816
0.905199
0.88338
0.861397
0.839289
0.817095
0.794851
0.772595
0.750362
0.728185
0.706099
0.684135
0.662324
0.640696
0.619279
0.598098
0.577181
0.556549
0.536226
0.516231
0.496585
0.477305
0.46098
0.479601
0.498576
0.517886
0.537514
0.55744
0.577643
0.598098
0.618783
0.639672
0.660737
0.681949
0.70328
0.724698
0.746171
0.767666
0.789149
0.810584
0.831936
0.853167
0.87424
0.895118
0.915761
0.936131
0.956189
0.975895
0.995212
1.0141
1.03252
1.05043
1.0678
1.08459
1.10076
1.11628
1.13111
1.14522
1.15859
1.17117
1.18294
1.19387
1.20394
1.21313
1.2214
1.22875
1.23516
1.24061
1.24508
1.24857
1.25107
1.25257
1.25307
1.25257
1.25107
1.24857
1.24508
1.24061
1.23516
1.22875
1.2214
1.21313
1.20394
1.19387
1.18294
1.17117
1.15859
1.14522
1.13111
1.11628
1.10076
1.08459
1.0678
1.05043
1.03252
1.0141
0.995212
0.975895
0.956189
0.936131
0.915761
0.895118
0.87424
0.853167
0.831936
0.810584
0.789149
0.767666
0.746171
0.724698
0.70328
0.681949
0.660737
0.639672
0.618783
0.598098
0.577643
0.55744
0.537514
0.517886
0.498576
0.479601
0.46098
0.444858
0.462828
0.481139
0.499774
0.518715
0.537944
0.55744
0.577181
0.597142
0.6173
0.637628
0.658099
0.678684
0.699353
0.720075
0.740818
0.76155
0.782235
0.80284
0.823329
0.843665
0.863812
0.883733
0.903391
0.922747
0.941765
0.960405
0.978632
0.996406
1.01369
1.03045
1.04666
1.06226
1.07724
1.09155
1.10517
1.11807
1.13021
1.14156
1.15212
1.16183
1.1707
1.17869
1.18578
1.19196
1.19722
1.20154
1.2049
1.20732
1.20877
1.20925
1.20877
1.20732
1.2049
1.20154
1.19722
1.19196
1.18578
1.17869
1.1707
1.16183
1.15212
1.14156
1.13021
1.11807
1.10517
1.09155
1.07724
1.06226
1.04666
1.03045
1.01369
0.996406
0.978632
0.960405
0.941765
0.922747
0.903391
0.883733
0.863812
0.843665
0.823329
0.80284
0.782235
0.76155
0.740818
0.720075
0.699353
0.678684
0.658099
0.637628
0.6173
0.597142
0.577181
0.55744
0.537944
0.518715
0.499774
0.481139
0.462828
0.444858
0.428956
0.446284
0.46394
0.481909
0.500174
0.518715
0.537514
0.556549
0.575797
0.595234
0.614836
0.634575
0.654424
0.674354
0.694336
0.714337
0.734328
0.754274
0.774142
0.793898
0.813508
0.832935
0.852144
0.871099
0.889763
0.908101
0.926075
0.94365
0.960789
0.977458
0.99362
1.00924
1.02429
1.03873
1.05253
1.06567
1.0781
1.08981
1.10076
1.11093
1.1203
1.12885
1.13655
1.14339
1.14935
1.15442
1.15859
1.16183
1.16416
1.16556
1.16602
1.16556
1.16416
1.16183
1.15859
1.15442
1.14935
1.14339
1.13655
1.12885
1.1203
1.11093
1.10076
1.08981
1.0781
1.06567
1.05253
1.03873
1.02429
1.00924
0.99362
0.977458
0.960789
0.94365
0.926075
0.908101
0.889763
0.871099
0.852144
0.832935
0.813508
0.793898
0.774142
0.754274
0.734328
0.714337
0.694336
0.674354
0.654424
0.634575
0.614836
0.595234
0.575797
0.556549
0.537514
0.518715
0.500174
0.481909
0.46394
0.446284
0.428956
0.413292
0.429987
0.446999
0.464311
0.481909
0.499774
0.517886
0.536226
0.554771
0.573498
0.592384
0.611402
0.630527
0.649729
0.668981
0.688252
0.707512
0.72673
0.745873
0.764908
0.783801
0.802519
0.821026
0.839289
0.857272
0.87494
0.892258
0.909191
0.925705
0.941765
0.957337
0.972388
0.986887
1.0008
1.0141
1.02675
1.03873
1.05001
1.06056
1.07037
1.07939
1.08763
1.09505
1.10164
1.10738
1.11227
1.11628
1.11941
1.12165
1.123
1.12345
1.123
1.12165
1.11941
1.11628
1.11227
1.10738
1.10164
1.09505
1.08763
1.07939
1.07037
1.06056
1.05001
1.03873
1.02675
1.0141
1.0008
0.986887
0.972388
0.957337
0.941765
0.925705
0.909191
0.892258
0.87494
0.857272
0.839289
0.821026
0.802519
0.783801
0.764908
0.745873
0.72673
0.707512
0.688252
0.668981
0.649729
0.630527
0.611402
0.592384
0.573498
0.554771
0.536226
0.517886
0.499774
0.481909
0.464311
0.446999
0.429987
0.413292
0.397882
0.413954
0.430331
0.446999
0.46394
0.481139
0.498576
0.516231
0.534085
0.552114
0.570296
0.588605
0.607016
0.625502
0.644036
0.662589
0.681131
0.699633
0.718062
0.736387
0.754575
0.772595
0.790413
0.807995
0.825307
0.842316
0.858988
0.87529
0.891188
0.906649
0.921641
0.936131
0.950089
0.963483
0.976286
0.988467
1
1.01086
1.02102
1.03045
1.03915
1.04707
1.05422
1.06056
1.06609
1.07079
1.07466
1.07767
1.07983
1.08112
1.08156
1.08112
1.07983
1.07767
1.07466
1.07079
1.06609
1.06056
1.05422
1.04707
1.03915
1.03045
1.02102
1.01086
1
0.988467
0.976286
0.963483
0.950089
0.936131
0.921641
0.906649
0.891188
0.87529
0.858988
0.842316
0.825307
0.807995
0.790413
0.772595
0.754575
0.736387
0.718062
0.699633
0.681131
0.662589
0.644036
0.625502
0.607016
0.588605
0.570296
0.552114
0.534085
0.516231
0.498576
0.481139
0.46394
0.446999
0.430331
0.413954
0.397882
0.38274
0.3982
0.413954
0.429987
0.446284
0.462828
0.479601
0.496585
0.51376
0.531103
0.548592
0.566204
0.583915
0.601698
0.619526
0.637373
0.65521
0.673007
0.690734
0.708362
0.725859
0.743193
0.760332
0.777245
0.793898
0.81026
0.826298
0.841979
0.857272
0.872145
0.886566
0.900505
0.913931
0.926816
0.939131
0.950849
0.961943
0.972388
0.982161
0.991239
0.9996
1.00723
1.0141
1.0202
1.02552
1.03004
1.03376
1.03666
1.03873
1.03998
1.04039
1.03998
1.03873
1.03666
1.03376
1.03004
1.02552
1.0202
1.0141
1.00723
0.9996
0.991239
0.982161
0.972388
0.961943
0.950849
0.939131
0.926816
0.913931
0.900505
0.886566
0.872145
0.857272
0.841979
0.826298
0.81026
0.793898
0.777245
0.760332
0.743193
0.725859
0.708362
0.690734
0.673007
0.65521
0.637373
0.619526
0.601698
0.583915
0.566204
0.548592
0.531103
0.51376
0.496585
0.479601
0.462828
0.446284
0.429987
0.413954
0.3982
0.38274
0.367879
0.38274
0.397882
0.413292
0.428956
0.444858
0.46098
0.477305
0.493812
0.510482
0.527292
0.544221
0.561244
0.578336
0.595473
0.612626
0.62977
0.646876
0.663916
0.680859
0.697676
0.714337
0.730811
0.747067
0.763074
0.778801
0.794216
0.809288
0.823987
0.838283
0.852144
0.865541
0.878447
0.890831
0.902668
0.913931
0.924595
0.934634
0.944027
0.952753
0.960789
0.968119
0.974725
0.980591
0.985703
0.99005
0.99362
0.996406
0.998401
0.9996
1
0.9996
0.998401
0.996406
0.99362
0.99005
0.985703
0.980591
0.974725
0.968119
0.960789
0.952753
0.944027
0.934634
0.924595
0.913931
0.902668
0.890831
0.878447
0.865541
0.852144
0.838283
0.823987
0.809288
0.794216
0.778801
0.763074
0.747067
0.730811
0.714337
0.697676
0.680859
0.663916
0.646876
0.62977
0.612626
0.595473
0.578336
0.561244
0.544221
0.527292
0.510482
0.493812
0.477305
0.46098
0.444858
0.428956
0.413292
0.397882
0.38274
0.367879
